pol_th2	time	subtime	time points	Timepix	Diode1	Diode2	Diode3
-0.028996625	1	0.2	5	885	2.06523329E-9	-4.1E-6	0	0	6.887238E-10	-9E-7	0	4.266537E-10	2.620701E-10	-6E-7	-3E-7	-0	-0	0	0	0	0	0	0	0	2.978386E-10	-8E-7	0	1.386329E-10	1.592057E-10	-4E-7	-4E-7	-0	-0	0	0	0	0	0	0	0	4.829945E-10	-8E-7	0	2.82643E-10	2.003515E-10	-4E-7	-4E-7	-0	-0	0	0	0	0	0	0	0	6.064314E-10	-8E-7	0	3.855072E-10	2.209242E-10	-4E-7	-4E-7	-0	-0	0	0	0	0	0	0	0	-1.075501E-11	-8E-7	0	3.576841E-11	-4.652342E-11	-4E-7	-4E-7	-0	-0	0	0	0	0	0	0	14
-0.02849671429	1	0.2	5	840	-2.80077392E-10	-4E-6	0	0	-5.190077E-11	-8E-7	0	-8.766923E-11	3.576846E-11	-4E-7	-4E-7	-0	-0	0	0	0	0	0	0	0	-7.2473652E-11	-8E-7	0	-5.377452E-12	-6.70962E-11	-4E-7	-4E-7	-0	-0	0	0	0	0	0	0	0	-7.247376E-11	-8E-7	0	-4.652335E-11	-2.595041E-11	-4E-7	-4E-7	-0	-0	0	0	0	0	0	0	0	-1.5476551E-10	-8E-7	0	-6.70963E-11	-8.766921E-11	-4E-7	-4E-7	-0	-0	0	0	0	0	0	0	0	7.15363E-11	-8E-7	0	-1.288149E-10	2.003512E-10	-4E-7	-4E-7	-0	-0	0	0	0	0	0	0	14
-0.02799633929	1	0.2	5	1025	-2.13164137E-9	-4E-6	0	0	-4.222139E-10	-8E-7	0	-2.3168E-10	-1.905339E-10	-4E-7	-4E-7	-0	-0	0	0	0	0	0	0	0	-1.9591151E-10	-8E-7	0	-2.595041E-11	-1.699611E-10	-4E-7	-4E-7	-0	-0	0	0	0	0	0	0	0	-4.0164066E-10	-8E-7	0	-3.139715E-10	-8.766916E-11	-4E-7	-4E-7	-0	-0	0	0	0	0	0	0	0	-4.839326E-10	-8E-7	0	-1.493881E-10	-3.345445E-10	-4E-7	-4E-7	-0	-0	0	0	0	0	0	0	0	-6.279427E-10	-8E-7	0	-1.288152E-10	-4.991275E-10	-4E-7	-4E-7	-0	-0	0	0	0	0	0	0	14
-0.02749582143	1	0.2	5	755	-3.8597702E-9	-3.8E-6	0	0	-6.896625E-10	-8E-7	0	-4.785556E-10	-2.111069E-10	-4E-7	-4E-7	-0	-0	0	0	0	0	0	0	0	-7.308085E-10	-8E-7	0	-3.551178E-10	-3.756907E-10	-4E-7	-4E-7	-0	-0	0	0	0	0	0	0	0	-7.925265E-10	-8E-7	0	-4.168364E-10	-3.756901E-10	-4E-7	-4E-7	-0	-0	0	0	0	0	0	0	0	-8.130998E-10	-8E-7	0	-3.345448E-10	-4.78555E-10	-4E-7	-4E-7	-0	-0	0	0	0	0	0	0	0	-8.336729E-10	-6E-7	0	-4.168365E-10	-4.168364E-10	-3E-7	-3E-7	-0	-0	0	0	0	0	0	0	14
-0.026996375	1	0.2	5	730	-2.78997938E-9	-3E-6	0	0	-6.279438E-10	-6E-7	0	-3.756908E-10	-2.52253E-10	-3E-7	-3E-7	-0	-0	0	0	0	0	0	0	0	-7.308086E-10	-6E-7	0	-3.139717E-10	-4.168369E-10	-3E-7	-3E-7	-0	-0	0	0	0	0	0	0	0	-7.719545E-10	-6E-7	0	-2.93399E-10	-4.785555E-10	-3E-7	-3E-7	-0	-0	0	0	0	0	0	0	0	-5.867984E-10	-6E-7	0	-2.111074E-10	-3.75691E-10	-3E-7	-3E-7	0	0	0	0	0	0	0	0	0	-7.247408E-11	-6E-7	0	-1.082425E-10	3.576842E-11	-3E-7	-3E-7	-0	-0	0	0	0	0	0	0	14
-0.02649569643	1	0.2	5	1145	-6.91538666E-10	-2.2E-6	0	0	-9.3047146E-11	-6E-7	0	-8.766959E-11	-5.377556E-12	-3E-7	-3E-7	0	0	0	0	0	0	0	0	0	-1.5476606E-10	-4E-7	0	-4.652346E-11	-1.082426E-10	-2E-7	-2E-7	0	0	0	0	0	0	0	0	0	-7.247416E-11	-4E-7	0	-4.65236E-11	-2.595056E-11	-2E-7	-2E-7	0	0	0	0	0	0	0	0	0	-3.13282E-11	-4E-7	0	-4.65236E-11	1.51954E-11	-2E-7	-2E-7	0	0	0	0	0	0	0	0	0	-3.399231E-10	-4E-7	0	-1.905344E-10	-1.493887E-10	-2E-7	-2E-7	0	0	0	0	0	0	0	0	14
-0.02599608929	1	0.2	5	1160	3.3710914E-10	-1.1E-6	6E-7	0	-7.24744E-11	-3E-7	0	-1.905345E-10	1.180601E-10	-2E-7	-1E-7	0	0	0	0	0	0	0	0	0	1.1268221E-10	-2E-7	0	1.797788E-10	-6.709659E-11	-1E-7	-1E-7	0	0	0	0	0	0	0	0	0	-3.13287E-11	-2E-7	2E-7	-1.699616E-10	1.386329E-10	-1E-7	-1E-7	1E-7	1E-7	0	0	0	0	0	0	0	1.3325569E-10	-2E-7	2E-7	7.691429E-11	5.63414E-11	-1E-7	-1E-7	1E-7	1E-7	0	0	0	0	0	0	0	1.9497434E-10	-2E-7	2E-7	9.748717E-11	9.748717E-11	-1E-7	-1E-7	1E-7	1E-7	0	0	0	0	0	0	14
-0.02549557143	1	0.2	5	1165	-6.5039508E-10	2E-7	1.7E-6	0	2.3612016E-10	0	2E-7	9.748716E-11	1.38633E-10	-0	-0	1E-7	1E-7	0	0	0	0	0	0	0	-1.547665E-10	0	4E-7	-1.288158E-10	-2.59507E-11	-0	-0	2E-7	2E-7	0	0	0	0	0	0	0	-2.782048E-10	0	4E-7	-1.493889E-10	-1.288159E-10	0	0	2E-7	2E-7	0	0	0	0	0	0	0	-1.3419323E-10	0	3E-7	-8.766962E-11	-4.652361E-11	0	0	1E-7	2E-7	0	0	0	0	0	0	0	-3.1935071E-10	2E-7	4E-7	-6.709681E-11	-2.522539E-10	1E-7	1E-7	2E-7	2E-7	0	0	0	0	0	0	14
-0.02499566071	1	0.2	5	1130	-2.13165237E-9	1.3E-6	2.7E-6	0	-1.959126E-10	2E-7	6E-7	-2.59507E-11	-1.699619E-10	1E-7	1E-7	3E-7	3E-7	0	0	0	0	0	0	0	-3.3992377E-10	2E-7	5E-7	-2.934E-10	-4.652377E-11	1E-7	1E-7	2E-7	3E-7	0	0	0	0	0	0	0	-5.250808E-10	2E-7	4E-7	-3.551188E-10	-1.69962E-10	1E-7	1E-7	2E-7	2E-7	0	0	0	0	0	0	0	-5.250808E-10	3E-7	6E-7	-1.90535E-10	-3.345458E-10	1E-7	2E-7	3E-7	3E-7	0	0	0	0	0	0	0	-5.456544E-10	4E-7	6E-7	-2.111082E-10	-3.345462E-10	2E-7	2E-7	3E-7	3E-7	0	0	0	0	0	0	14
-0.02449575	1	0.2	5	1220	-2.1522306E-9	2.2E-6	3.5E-6	0	-2.164861E-10	4E-7	6E-7	-1.699622E-10	-4.65239E-11	2E-7	2E-7	3E-7	3E-7	0	0	0	0	0	0	0	-5.868009E-10	4E-7	6E-7	-3.551194E-10	-2.316815E-10	2E-7	2E-7	3E-7	3E-7	0	0	0	0	0	0	0	-3.604976E-10	4E-7	8E-7	-1.699623E-10	-1.905353E-10	2E-7	2E-7	4E-7	4E-7	0	0	0	0	0	0	0	-6.073748E-10	4E-7	7E-7	-3.5512E-10	-2.522548E-10	2E-7	2E-7	4E-7	3E-7	0	0	0	0	0	0	0	-3.810712E-10	6E-7	8E-7	-1.905356E-10	-1.905356E-10	3E-7	3E-7	4E-7	4E-7	0	0	0	0	0	0	14
-0.02399553571	1	0.2	5	1690	-4.44668513E-10	3E-6	4E-6	0	-4.839368E-10	6E-7	8E-7	-3.139741E-10	-1.699627E-10	3E-7	3E-7	4E-7	4E-7	0	0	0	0	0	0	0	-3.1935229E-10	6E-7	8E-7	-2.522551E-10	-6.709719E-11	3E-7	3E-7	4E-7	4E-7	0	0	0	0	0	0	0	5.0963497E-11	6E-7	8E-7	-5.377903E-12	5.63414E-11	3E-7	3E-7	4E-7	4E-7	0	0	0	0	0	0	0	9.81731E-12	6E-7	8E-7	-4.652409E-11	5.63414E-11	3E-7	3E-7	4E-7	4E-7	0	0	0	0	0	0	0	2.9783977E-10	6E-7	8E-7	2.003524E-10	9.748737E-11	3E-7	3E-7	4E-7	4E-7	0	0	0	0	0	0	14
-0.023496875	1	0.2	5	1565	1.50977075E-9	3E-6	4E-6	0	5.096345E-11	6E-7	8E-7	3.576829E-11	1.519516E-11	3E-7	3E-7	4E-7	4E-7	0	0	0	0	0	0	0	-9.30484E-11	6E-7	8E-7	-2.595104E-11	-6.709736E-11	3E-7	3E-7	4E-7	4E-7	0	0	0	0	0	0	0	4.00705E-10	6E-7	8E-7	2.826446E-10	1.180604E-10	3E-7	3E-7	4E-7	4E-7	0	0	0	0	0	0	0	7.50446E-10	6E-7	8E-7	5.500936E-10	2.003524E-10	3E-7	3E-7	4E-7	4E-7	0	0	0	0	0	0	0	4.007047E-10	6E-7	8E-7	1.797794E-10	2.209253E-10	3E-7	3E-7	4E-7	4E-7	0	0	0	0	0	0	14
-0.02299789286	1	0.2	5	1680	2.8881618E-9	3E-6	3.9E-6	0	6.68154E-10	6E-7	8E-7	2.003523E-10	4.678017E-10	3E-7	3E-7	4E-7	4E-7	0	0	0	0	0	0	0	6.270076E-10	6E-7	8E-7	3.443633E-10	2.826443E-10	3E-7	3E-7	4E-7	4E-7	0	0	0	0	0	0	0	5.652883E-10	6E-7	8E-7	1.592064E-10	4.060819E-10	3E-7	3E-7	4E-7	4E-7	0	0	0	0	0	0	0	5.858614E-10	6E-7	8E-7	2.620712E-10	3.237902E-10	3E-7	3E-7	4E-7	4E-7	0	0	0	0	0	0	0	4.418505E-10	6E-7	7E-7	1.592062E-10	2.826443E-10	3E-7	3E-7	4E-7	3E-7	0	0	0	0	0	0	14
-0.02249751786	1	0.2	5	1770	2.044668E-9	2.6E-6	3.2E-6	0	4.829965E-10	6E-7	7E-7	2.414982E-10	2.414983E-10	3E-7	3E-7	3E-7	4E-7	0	0	0	0	0	0	0	4.007044E-10	6E-7	7E-7	2.209252E-10	1.797792E-10	3E-7	3E-7	4E-7	3E-7	0	0	0	0	0	0	0	5.035694E-10	6E-7	6E-7	2.209253E-10	2.826441E-10	3E-7	3E-7	3E-7	3E-7	0	0	0	0	0	0	0	1.744017E-10	4E-7	6E-7	7.691436E-11	9.748734E-11	2E-7	2E-7	3E-7	3E-7	0	0	0	0	0	0	0	4.82996E-10	4E-7	6E-7	1.180603E-10	3.649357E-10	2E-7	2E-7	3E-7	3E-7	0	0	0	0	0	0	14
-0.02199746429	1	0.2	5	1575	-1.97789563E-10	1.8E-6	2.5E-6	0	9.817447E-12	4E-7	6E-7	-5.377813E-12	1.519526E-11	2E-7	2E-7	3E-7	3E-7	0	0	0	0	0	0	0	3.039045E-11	4E-7	5E-7	7.691436E-11	-4.652391E-11	2E-7	2E-7	2E-7	3E-7	0	0	0	0	0	0	0	-9.304794E-11	4E-7	6E-7	-2.595088E-11	-6.709706E-11	2E-7	2E-7	3E-7	3E-7	0	0	0	0	0	0	0	1.5382865E-10	4E-7	4E-7	9.748725E-11	5.63414E-11	2E-7	2E-7	2E-7	2E-7	0	0	0	0	0	0	0	-2.9877817E-10	2E-7	4E-7	-6.709697E-11	-2.316812E-10	1E-7	1E-7	2E-7	2E-7	0	0	0	0	0	0	14
-0.02149755357	1	0.2	5	2220	-1.2631979E-11	6E-7	1.7E-6	0	9.210975E-11	2E-7	4E-7	5.63414E-11	3.576835E-11	1E-7	1E-7	2E-7	2E-7	0	0	0	0	0	0	0	-3.1328579E-11	2E-7	4E-7	-5.377799E-12	-2.595078E-11	1E-7	1E-7	2E-7	2E-7	0	0	0	0	0	0	0	-1.075552E-11	2E-7	4E-7	-2.595082E-11	1.51953E-11	1E-7	1E-7	2E-7	2E-7	0	0	0	0	0	0	0	-1.5476701E-10	0	2E-7	-1.699623E-10	1.519529E-11	0	0	1E-7	1E-7	0	0	0	0	0	0	0	9.210938E-11	0	3E-7	1.180602E-10	-2.595082E-11	-0	0	1E-7	2E-7	0	0	0	0	0	0	14
-0.02099532143	1	0.2	5	2465	1.01601698E-9	-9E-7	4E-7	0	1.1268247E-10	0	2E-7	1.386332E-10	-2.595073E-11	-0	-0	1E-7	1E-7	0	0	0	0	0	0	0	2.1554735E-10	-2E-7	2E-7	3.576835E-11	1.79779E-10	-1E-7	-1E-7	1E-7	1E-7	0	0	0	0	0	0	0	2.1554745E-10	-2E-7	0	9.748725E-11	1.180602E-10	-1E-7	-1E-7	0	0	0	0	0	0	0	0	0	-3.132859E-11	-2E-7	0	7.691431E-11	-1.082429E-10	-1E-7	-1E-7	0	0	0	0	0	0	0	0	0	5.035683E-10	-3E-7	0	1.180602E-10	3.855081E-10	-1E-7	-2E-7	0	0	0	0	0	0	0	0	14
-0.020497125	1	0.2	5	2380	2.66185E-9	-2.5E-6	0	0	6.887244E-10	-4E-7	0	5.089456E-10	1.797788E-10	-2E-7	-2E-7	0	0	0	0	0	0	0	0	0	4.212765E-10	-4E-7	0	3.032164E-10	1.180601E-10	-2E-7	-2E-7	-0	-0	0	0	0	0	0	0	0	7.09297E-10	-5E-7	0	3.237891E-10	3.855079E-10	-2E-7	-3E-7	-0	-0	0	0	0	0	0	0	0	4.624219E-10	-6E-7	0	2.620703E-10	2.003516E-10	-3E-7	-3E-7	0	0	0	0	0	0	0	0	0	3.801302E-10	-6E-7	0	2.414973E-10	1.386329E-10	-3E-7	-3E-7	-0	-0	0	0	0	0	0	0	14
-0.0199955	1	0.2	5	2175	8.72005236E-10	-3.8E-6	0	0	3.595569E-10	-6E-7	0	2.003513E-10	1.592056E-10	-3E-7	-3E-7	-0	-0	0	0	0	0	0	0	0	2.155471E-10	-8E-7	0	1.592057E-10	5.63414E-11	-4E-7	-4E-7	-0	-0	0	0	0	0	0	0	0	2.3611986E-10	-8E-7	0	1.386328E-10	9.748706E-11	-4E-7	-4E-7	-0	-0	0	0	0	0	0	0	0	7.1536736E-11	-8E-7	0	7.691423E-11	-5.377494E-12	-4E-7	-4E-7	-0	-0	0	0	0	0	0	0	0	-1.075536E-11	-8E-7	0	-1.082424E-10	9.748704E-11	-4E-7	-4E-7	-0	-0	0	0	0	0	0	0	14
-0.01949528571	1	0.2	5	2155	-1.43216129E-9	-4E-6	0	0	-1.075475E-11	-8E-7	0	-6.709615E-11	5.63414E-11	-4E-7	-4E-7	-0	-0	0	0	0	0	0	0	0	-1.5476554E-10	-8E-7	0	-6.709631E-11	-8.766923E-11	-4E-7	-4E-7	-0	-0	0	0	0	0	0	0	0	-3.399218E-10	-8E-7	0	-1.699609E-10	-1.699609E-10	-4E-7	-4E-7	-0	-0	0	0	0	0	0	0	0	-3.193493E-10	-8E-7	0	-2.111071E-10	-1.082422E-10	-4E-7	-4E-7	-0	-0	0	0	0	0	0	0	0	-6.073699E-10	-8E-7	0	-2.933986E-10	-3.139713E-10	-4E-7	-4E-7	-0	-0	0	0	0	0	0	0	14
-0.01899755357	1	0.2	5	3565	-2.97513561E-9	-3.3E-6	0	0	-7.10235E-10	-8E-7	0	-3.139713E-10	-3.962637E-10	-4E-7	-4E-7	-0	-0	0	0	0	0	0	0	0	-7.513815E-10	-7E-7	0	-3.139719E-10	-4.374096E-10	-4E-7	-3E-7	-0	-0	0	0	0	0	0	0	0	-6.279438E-10	-6E-7	0	-2.316801E-10	-3.962637E-10	-3E-7	-3E-7	-0	-0	0	0	0	0	0	0	0	-6.073715E-10	-6E-7	0	-3.345453E-10	-2.728262E-10	-3E-7	-3E-7	-0	-0	0	0	0	0	0	0	0	-2.7820381E-10	-6E-7	0	-1.905343E-10	-8.766951E-11	-3E-7	-3E-7	-0	-0	0	0	0	0	0	0	14
