pol_th2	time	subtime	time points	Timepix	Diode1	Diode2	Diode3
-1.605991446	0.5	0.5	1	0	-2.7073801E-10	1.5834E-11	5.8E-12	0	0	-2.7073801E-10	1.5834E-11	5.8E-12	-5.17989E-11	-5.715558E-11	-5.756766E-11	-5.365312E-11	-5.056275E-11	4.063E-12	3.478E-12	3.077E-12	2.757E-12	2.459E-12	1.9E-12	0	1.1E-12	1.9E-12	9E-13	0	0	0	0	0	0	0	0	0	0	0	0	0	0	0	13:38:34..987304
-1.605791179	0.5	0.5	1	0	-2.33447E-10	6.892E-12	9.5E-12	0	0	-2.33447E-10	6.892E-12	9.5E-12	-5.03567E-11	-4.706028E-11	-4.5412E-11	-4.850244E-11	-4.211558E-11	1.526E-12	1.395E-12	1.375E-12	1.314E-12	1.282E-12	6E-13	1.5E-12	2.8E-12	1.8E-12	2.8E-12	0	0	0	0	0	0	0	0	0	0	0	0	0	0	0	13:38:35..889648
-1.605591054	0.5	0.5	1	0	-2.0892963E-10	3.332E-12	9.6E-12	0	0	-2.0892963E-10	3.332E-12	9.6E-12	-3.737696E-11	-4.37638E-11	-4.438186E-11	-4.129147E-11	-4.211554E-11	7.74E-13	6.69E-13	6.53E-13	6.57E-13	5.79E-13	2.8E-12	2.2E-12	2.4E-12	6E-13	1.6E-12	0	0	0	0	0	0	0	0	0	0	0	0	0	0	0	13:38:37..086914
-1.605390786	0.5	0.5	1	0	-2.0686939E-10	2.009E-12	8E-12	0	0	-2.0686939E-10	2.009E-12	8E-12	-4.067339E-11	-4.499996E-11	-4.376383E-11	-4.190953E-11	-3.552268E-11	4.53E-13	4.21E-13	3.78E-13	3.84E-13	3.73E-13	2.7E-12	6E-13	1.4E-12	1.8E-12	1.5E-12	0	0	0	0	0	0	0	0	0	0	0	0	0	0	0	13:38:37..987304
-1.605190821	0.5	0.5	1	0	-1.6154337E-10	2.125E-12	1.24E-11	0	0	-1.6154337E-10	2.125E-12	1.24E-11	-3.057804E-11	-2.913586E-11	-3.737696E-11	-3.387448E-11	-3.057803E-11	4.23E-13	4.54E-13	4.55E-13	4.24E-13	3.69E-13	3.1E-12	2.3E-12	1.4E-12	3.5E-12	2.1E-12	0	0	0	0	0	0	0	0	0	0	0	0	0	0	0	13:38:38..988281
-1.604991161	0.5	0.5	1	0	-1.8173407E-10	2.163E-12	9.5E-12	0	0	-1.8173407E-10	2.163E-12	9.5E-12	-3.61408E-11	-4.129146E-11	-3.63468E-11	-3.263833E-11	-3.531668E-11	4.81E-13	4.09E-13	4.14E-13	4.21E-13	4.38E-13	9E-13	2.5E-12	2.4E-12	1.8E-12	1.9E-12	0	0	0	0	0	0	0	0	0	0	0	0	0	0	0	13:38:39..891601
-1.604791357	0.5	0.5	1	0	-1.9945252E-10	2.603E-12	1.05E-11	0	0	-1.9945252E-10	2.603E-12	1.05E-11	-3.696495E-11	-4.60301E-11	-4.129148E-11	-3.820108E-11	-3.696491E-11	5.33E-13	5.41E-13	5.44E-13	5.26E-13	4.59E-13	2.8E-12	1.5E-12	1.8E-12	2.5E-12	1.9E-12	0	0	0	0	0	0	0	0	0	0	0	0	0	0	0	13:38:40..889648
-1.604590929	0.5	0.5	1	0	-2.1387433E-10	2.637E-12	1.27E-11	0	0	-2.1387433E-10	2.637E-12	1.27E-11	-4.541204E-11	-4.108547E-11	-4.29397E-11	-4.232159E-11	-4.211553E-11	5.23E-13	4.84E-13	5.18E-13	5.34E-13	5.78E-13	2E-12	9E-13	3.6E-12	2.3E-12	3.9E-12	0	0	0	0	0	0	0	0	0	0	0	0	0	0	0	13:38:41..889648
-1.604390964	0.5	0.5	1	0	-2.1222615E-10	3.686E-12	9.3E-12	0	0	-2.1222615E-10	3.686E-12	9.3E-12	-3.86131E-11	-4.417585E-11	-3.943722E-11	-4.664822E-11	-4.335176E-11	7.06E-13	7.5E-13	6.93E-13	7.67E-13	7.7E-13	2.2E-12	1.6E-12	2.6E-12	1.2E-12	1.7E-12	0	0	0	0	0	0	0	0	0	0	0	0	0	0	0	13:38:42..889648
-1.604191321	0.5	0.5	1	0	-2.2685414E-10	4.426E-12	6.8E-12	0	0	-2.2685414E-10	4.426E-12	6.8E-12	-4.973861E-11	-4.582407E-11	-4.129148E-11	-4.417586E-11	-4.582412E-11	8.73E-13	8.81E-13	8.78E-13	9.13E-13	8.81E-13	1.9E-12	1.6E-12	1.1E-12	1.5E-12	7E-13	0	0	0	0	0	0	0	0	0	0	0	0	0	0	0	13:38:43..889648
-1.603990732	0.5	0.5	1	0	-2.4168809E-10	5.653E-12	6.5E-12	0	0	-2.4168809E-10	5.653E-12	6.5E-12	-4.829641E-11	-4.335175E-11	-4.685422E-11	-5.344713E-11	-4.973858E-11	1.069E-12	1.082E-12	1.139E-12	1.165E-12	1.198E-12	1.4E-12	2.7E-12	2.3E-12	1E-13	0	0	0	0	0	0	0	0	0	0	0	0	0	0	0	0	13:38:44..890625
-1.603790929	0.5	0.5	1	0	-2.8969257E-10	6.835E-12	8.4E-12	0	0	-2.8969257E-10	6.835E-12	8.4E-12	-6.107016E-11	-5.221092E-11	-5.921589E-11	-5.880384E-11	-5.839176E-11	1.287E-12	1.314E-12	1.339E-12	1.408E-12	1.487E-12	2.5E-12	2.5E-12	0	1.6E-12	1.8E-12	0	0	0	0	0	0	0	0	0	0	0	0	0	0	0	13:38:45..890625
-1.603591571	0.5	0.5	1	0	-3.1153148E-10	8.999E-12	1.01E-11	0	0	-3.1153148E-10	8.999E-12	1.01E-11	-6.519068E-11	-6.189427E-11	-6.148218E-11	-5.818572E-11	-6.477863E-11	1.752E-12	1.806E-12	1.814E-12	1.795E-12	1.832E-12	2.3E-12	2.5E-12	2.8E-12	1.2E-12	1.3E-12	0	0	0	0	0	0	0	0	0	0	0	0	0	0	0	13:38:46..883789
-1.603391161	0.5	0.5	1	0	-3.7272164E-10	1.2088E-11	9.2E-12	0	0	-3.7272164E-10	1.2088E-11	9.2E-12	-7.301971E-11	-7.714024E-11	-7.631616E-11	-7.693426E-11	-6.931127E-11	2.416E-12	2.415E-12	2.442E-12	2.407E-12	2.408E-12	1.7E-12	2.4E-12	1.9E-12	1.4E-12	1.8E-12	0	0	0	0	0	0	0	0	0	0	0	0	0	0	0	13:38:47..989257
-1.603189643	0.5	0.5	1	0	-5.972919E-10	1.7569E-11	6.4E-12	0	0	-5.972919E-10	1.7569E-11	6.4E-12	-1.098987E-10	-1.216422E-10	-1.166975E-10	-1.251448E-10	-1.239087E-10	3.56E-12	3.585E-12	3.487E-12	3.51E-12	3.427E-12	1.1E-12	1.4E-12	6E-13	1E-12	2.3E-12	0	0	0	0	0	0	0	0	0	0	0	0	0	0	0	13:38:50..579101
-1.602991696	0.5	0.5	1	0	-6.98039E-10	2.2901E-11	8.5E-12	0	0	-6.98039E-10	2.2901E-11	8.5E-12	-1.319436E-10	-1.375063E-10	-1.405968E-10	-1.405967E-10	-1.473956E-10	4.326E-12	4.558E-12	4.542E-12	4.707E-12	4.768E-12	1.1E-12	2.5E-12	1.9E-12	7E-13	2.3E-12	0	0	0	0	0	0	0	0	0	0	0	0	0	0	0	13:38:51..490234
-1.602791732	0.5	0.5	1	0	-7.701488E-10	3.221E-11	6.8E-12	0	0	-7.701488E-10	3.221E-11	6.8E-12	-1.5028E-10	-1.49868E-10	-1.552247E-10	-1.581092E-10	-1.566669E-10	6.042E-12	6.307E-12	6.525E-12	6.666E-12	6.67E-12	2E-13	9E-13	2.6E-12	1.8E-12	1.3E-12	0	0	0	0	0	0	0	0	0	0	0	0	0	0	0	13:38:52..383789
-1.602590982	0.5	0.5	1	0	-8.550322E-10	4.2897E-11	2.9E-12	0	0	-8.550322E-10	4.2897E-11	2.9E-12	-1.72325E-10	-1.682044E-10	-1.679985E-10	-1.754154E-10	-1.710889E-10	8.258E-12	8.466E-12	8.624E-12	8.705E-12	8.844E-12	-5E-13	-7E-13	7E-13	2.3E-12	1.1E-12	0	0	0	0	0	0	0	0	0	0	0	0	0	0	0	13:38:53..288085
-1.602391339	0.5	0.5	1	0	-9.986335E-10	7.2171E-11	6.7E-12	0	0	-9.986335E-10	7.2171E-11	6.7E-12	-2.005509E-10	-1.95606E-10	-1.980784E-10	-2.054955E-10	-1.989027E-10	1.4202E-11	1.4424E-11	1.4504E-11	1.4486E-11	1.4555E-11	1.7E-12	1E-13	2E-12	9E-13	2E-12	0	0	0	0	0	0	0	0	0	0	0	0	0	0	0	13:38:54..788085
-1.602191536	0.5	0.5	1	0	-1.0491098E-9	1.16009E-10	7.8E-12	0	0	-1.0491098E-9	1.16009E-10	7.8E-12	-2.085856E-10	-2.081739E-10	-2.116762E-10	-2.10852E-10	-2.098221E-10	2.1073E-11	2.2275E-11	2.3415E-11	2.4328E-11	2.4918E-11	1.4E-12	2.6E-12	1.1E-12	1.1E-12	1.6E-12	0	0	0	0	0	0	0	0	0	0	0	0	0	0	0	13:38:55..681640
-1.601991875	0.5	0.5	1	0	-1.1030894E-9	1.97766E-10	4.4E-12	0	0	-1.1030894E-9	1.97766E-10	4.4E-12	-2.230078E-10	-2.180633E-10	-2.160028E-10	-2.197112E-10	-2.263043E-10	3.7326E-11	3.874E-11	3.9851E-11	4.0675E-11	4.1174E-11	1.3E-12	-8E-13	2.5E-12	1.2E-12	2E-13	0	0	0	0	0	0	0	0	0	0	0	0	0	0	0	13:38:56..683593
-1.601791446	0.5	0.5	1	0	-1.1906501E-9	2.81458E-10	2.4E-12	0	0	-1.1906501E-9	2.81458E-10	2.4E-12	-2.34133E-10	-2.370176E-10	-2.407261E-10	-2.363993E-10	-2.423741E-10	5.3757E-11	5.5318E-11	5.6713E-11	5.7473E-11	5.8197E-11	1.4E-12	4E-13	7E-13	5E-13	-6E-13	0	0	0	0	0	0	0	0	0	0	0	0	0	0	0	13:38:57..686523
-1.601589161	0.5	0.5	1	0	-1.3109707E-9	3.54786E-10	4E-13	0	0	-1.3109707E-9	3.54786E-10	4E-13	-2.600926E-10	-2.619467E-10	-2.605047E-10	-2.625652E-10	-2.658615E-10	6.8824E-11	7.0212E-11	7.1143E-11	7.2037E-11	7.257E-11	1E-13	-3E-13	7E-13	-1E-13	0	0	0	0	0	0	0	0	0	0	0	0	0	0	0	0	13:38:58..687500
-1.601391214	0.5	0.5	1	0	-1.4172808E-9	4.0763E-10	-1.3E-12	0	0	-1.4172808E-9	4.0763E-10	-1.3E-12	-2.804895E-10	-2.761628E-10	-2.881123E-10	-2.846098E-10	-2.879064E-10	7.9983E-11	8.0835E-11	8.1602E-11	8.2309E-11	8.2901E-11	2E-13	-7E-13	-6E-13	-1E-13	-1E-13	0	0	0	0	0	0	0	0	0	0	0	0	0	0	0	13:38:59..683593
-1.601192018	0.5	0.5	1	0	-1.5285357E-9	4.35909E-10	1.6E-12	0	0	-1.5285357E-9	4.35909E-10	1.6E-12	-3.115996E-10	-3.037705E-10	-3.045945E-10	-3.035646E-10	-3.050065E-10	8.6942E-11	8.7191E-11	8.7085E-11	8.7391E-11	8.73E-11	7E-13	5E-13	1E-12	-2E-13	-4E-13	0	0	0	0	0	0	0	0	0	0	0	0	0	0	0	13:39:01..580078
-1.600991446	0.5	0.5	1	0	-1.5645902E-9	4.26183E-10	-1.4E-12	0	0	-1.5645902E-9	4.26183E-10	-1.4E-12	-3.118055E-10	-3.115993E-10	-3.144839E-10	-3.109814E-10	-3.157201E-10	8.5648E-11	8.5304E-11	8.5073E-11	8.5208E-11	8.495E-11	-1.2E-12	4E-13	-1.1E-12	4E-13	1E-13	0	0	0	0	0	0	0	0	0	0	0	0	0	0	0	13:39:02..489257
-1.600791018	0.5	0.5	1	0	-1.6072377E-9	3.83596E-10	3.1E-12	0	0	-1.6072377E-9	3.83596E-10	3.1E-12	-3.165442E-10	-3.212826E-10	-3.23549E-10	-3.23137E-10	-3.227249E-10	7.8049E-11	7.6988E-11	7.6527E-11	7.6141E-11	7.5891E-11	2E-13	1.6E-12	5E-13	6E-13	2E-13	0	0	0	0	0	0	0	0	0	0	0	0	0	0	0	13:39:03..491210
-1.600591982	0.5	0.5	1	0	-1.6107402E-9	3.19832E-10	3.4E-12	0	0	-1.6107402E-9	3.19832E-10	3.4E-12	-3.229308E-10	-3.262274E-10	-3.249912E-10	-3.183986E-10	-3.181922E-10	6.5901E-11	6.4662E-11	6.3646E-11	6.3056E-11	6.2567E-11	8E-13	4E-13	0	1.8E-12	4E-13	0	0	0	0	0	0	0	0	0	0	0	0	0	0	0	13:39:04..484375
-1.600391857	0.5	0.5	1	0	-1.6535933E-9	2.37115E-10	1E-12	0	0	-1.6535933E-9	2.37115E-10	1E-12	-3.315837E-10	-3.282877E-10	-3.307598E-10	-3.3179E-10	-3.311721E-10	4.9884E-11	4.82E-11	4.713E-11	4.6253E-11	4.5648E-11	1E-13	1.5E-12	1.3E-12	-1E-12	-9E-13	0	0	0	0	0	0	0	0	0	0	0	0	0	0	0	13:39:05..486328
-1.60019175	0.5	0.5	1	0	-1.6925327E-9	1.4893E-10	1.6E-12	0	0	-1.6925327E-9	1.4893E-10	1.6E-12	-3.383827E-10	-3.344687E-10	-3.361168E-10	-3.344682E-10	-3.490963E-10	3.2431E-11	3.0666E-11	2.9415E-11	2.856E-11	2.7858E-11	-0	3E-13	8E-13	-4E-13	9E-13	0	0	0	0	0	0	0	0	0	0	0	0	0	0	0	13:39:06..487304
-1.599992089	0.5	0.5	1	0	-1.7405373E-9	8.6055E-11	2.1E-12	0	0	-1.7405373E-9	8.6055E-11	2.1E-12	-3.486843E-10	-3.445638E-10	-3.503324E-10	-3.468302E-10	-3.501266E-10	1.9741E-11	1.8063E-11	1.6965E-11	1.5957E-11	1.5329E-11	3E-13	1E-12	1E-13	5E-13	2E-13	0	0	0	0	0	0	0	0	0	0	0	0	0	0	0	13:39:07..383789
-1.599792286	0.5	0.5	1	0	-1.7640246E-9	4.8034E-11	2.9E-12	0	0	-1.7640246E-9	4.8034E-11	2.9E-12	-3.460062E-10	-3.577495E-10	-3.517746E-10	-3.51775E-10	-3.567193E-10	1.0516E-11	9.973E-12	9.454E-12	9.131E-12	8.96E-12	1.7E-12	3E-13	-5E-13	1.8E-12	-4E-13	0	0	0	0	0	0	0	0	0	0	0	0	0	0	0	13:39:08..383789
-1.59959	0.5	0.5	1	0	-1.8142945E-9	3.2463E-11	2E-13	0	0	-1.8142945E-9	3.2463E-11	2E-13	-3.629002E-10	-3.666085E-10	-3.633122E-10	-3.589856E-10	-3.62488E-10	6.871E-12	6.693E-12	6.494E-12	6.317E-12	6.088E-12	-1.2E-12	-1E-13	9E-13	6E-13	0	0	0	0	0	0	0	0	0	0	0	0	0	0	0	0	13:39:09..379882
-1.599390036	0.5	0.5	1	0	-1.8771331E-9	2.3658E-11	3.5E-12	0	0	-1.8771331E-9	2.3658E-11	3.5E-12	-3.701109E-10	-3.760862E-10	-3.754681E-10	-3.764977E-10	-3.789702E-10	4.965E-12	4.826E-12	4.705E-12	4.593E-12	4.569E-12	1.1E-12	-1E-13	0	1.3E-12	1.2E-12	0	0	0	0	0	0	0	0	0	0	0	0	0	0	0	13:39:10..385742
-1.599190375	0.5	0.5	1	0	-1.9317294E-9	1.7333E-11	-5E-13	0	0	-1.9317294E-9	1.7333E-11	-5E-13	-3.85563E-10	-3.905077E-10	-3.851507E-10	-3.851513E-10	-3.853567E-10	3.636E-12	3.529E-12	3.439E-12	3.39E-12	3.339E-12	-8E-13	-1E-12	1.2E-12	-0	1E-13	0	0	0	0	0	0	0	0	0	0	0	0	0	0	0	13:39:11..381835
-1.598989804	0.5	0.5	1	0	-1.9953918E-9	1.2782E-11	4.3E-12	0	0	-1.9953918E-9	1.2782E-11	4.3E-12	-3.94628E-10	-3.995731E-10	-3.979248E-10	-3.975124E-10	-4.057535E-10	2.634E-12	2.555E-12	2.581E-12	2.505E-12	2.507E-12	6E-13	5E-13	1.1E-12	7E-13	1.4E-12	0	0	0	0	0	0	0	0	0	0	0	0	0	0	0	13:39:12..383789
-1.59879	0.5	0.5	1	0	-2.0403049E-9	1.0499E-11	2.2E-12	0	0	-2.0403049E-9	1.0499E-11	2.2E-12	-4.074017E-10	-4.01633E-10	-4.09462E-10	-4.067834E-10	-4.150248E-10	2.159E-12	2.079E-12	2.114E-12	2.114E-12	2.033E-12	-4E-13	-1E-12	1.2E-12	1.8E-12	6E-13	0	0	0	0	0	0	0	0	0	0	0	0	0	0	0	13:39:13..284179
-1.598590179	0.5	0.5	1	0	-2.1078815E-9	7.235E-12	4.3E-12	0	0	-2.1078815E-9	7.235E-12	4.3E-12	-4.181153E-10	-4.226477E-10	-4.187328E-10	-4.216177E-10	-4.26768E-10	1.478E-12	1.456E-12	1.427E-12	1.421E-12	1.453E-12	4E-13	1.3E-12	1.2E-12	1E-13	1.3E-12	0	0	0	0	0	0	0	0	0	0	0	0	0	0	0	13:39:14..172851
-1.598391929	0.5	0.5	1	0	-2.1383731E-9	5.658E-12	5.9E-12	0	0	-2.1383731E-9	5.658E-12	5.9E-12	-4.271801E-10	-4.234718E-10	-4.275921E-10	-4.304768E-10	-4.296523E-10	1.184E-12	1.158E-12	1.132E-12	1.105E-12	1.079E-12	-3E-13	8E-13	1.4E-12	2.3E-12	1.7E-12	0	0	0	0	0	0	0	0	0	0	0	0	0	0	0	13:39:15..083984
-1.598189946	0.5	0.5	1	0	-2.1781347E-9	4.53E-12	6.6E-12	0	0	-2.1781347E-9	4.53E-12	6.6E-12	-4.321245E-10	-4.370691E-10	-4.370687E-10	-4.352149E-10	-4.366575E-10	9.35E-13	9.03E-13	9.04E-13	9.09E-13	8.79E-13	3.2E-12	6E-13	1E-13	9E-13	1.8E-12	0	0	0	0	0	0	0	0	0	0	0	0	0	0	0	13:39:16..083007
-1.597992625	0.5	0.5	1	0	-2.227787E-9	4.402E-12	9.2E-12	0	0	-2.227787E-9	4.402E-12	9.2E-12	-4.457222E-10	-4.453103E-10	-4.426315E-10	-4.448982E-10	-4.492248E-10	8.7E-13	8.86E-13	8.9E-13	8.73E-13	8.83E-13	8E-13	2E-12	3.1E-12	1.8E-12	1.5E-12	0	0	0	0	0	0	0	0	0	0	0	0	0	0	0	13:39:17..281250
-1.597792357	0.5	0.5	1	0	-2.2409715E-9	3.266E-12	6.4E-12	0	0	-2.2409715E-9	3.266E-12	6.4E-12	-4.496366E-10	-4.467519E-10	-4.486064E-10	-4.479883E-10	-4.479883E-10	6.87E-13	6.48E-13	6.38E-13	5.95E-13	6.98E-13	1.7E-12	1.3E-12	1.6E-12	4E-13	1.4E-12	0	0	0	0	0	0	0	0	0	0	0	0	0	0	0	13:39:18..182617
-1.597590054	0.5	0.5	1	0	-2.2413841E-9	3.177E-12	9.3E-12	0	0	-2.2413841E-9	3.177E-12	9.3E-12	-4.50873E-10	-4.432497E-10	-4.479884E-10	-4.514907E-10	-4.477823E-10	7.12E-13	6.62E-13	5.83E-13	5.95E-13	6.25E-13	1.5E-12	2.8E-12	2.8E-12	2.3E-12	-1E-13	0	0	0	0	0	0	0	0	0	0	0	0	0	0	0	13:39:19..083007
-1.597391643	0.5	0.5	1	0	-2.1031387E-9	2.704E-12	1.2E-11	0	0	-2.1031387E-9	2.704E-12	1.2E-11	-4.249135E-10	-4.234708E-10	-4.222346E-10	-4.195562E-10	-4.129636E-10	5.18E-13	5.59E-13	5.31E-13	5.4E-13	5.56E-13	2.4E-12	1E-12	2.5E-12	2.3E-12	3.8E-12	0	0	0	0	0	0	0	0	0	0	0	0	0	0	0	13:39:20..674804
-1.597189982	0.5	0.5	1	0	-1.9525338E-9	1.977E-12	1.18E-11	0	0	-1.9525338E-9	1.977E-12	1.18E-11	-3.983358E-10	-3.958634E-10	-3.872104E-10	-3.880345E-10	-3.830897E-10	4.44E-13	4.07E-13	3.99E-13	3.92E-13	3.35E-13	3.2E-12	1.7E-12	1.8E-12	3.2E-12	1.9E-12	0	0	0	0	0	0	0	0	0	0	0	0	0	0	0	13:39:21..581054
-1.596990018	0.5	0.5	1	0	-1.7469192E-9	1.015E-12	1.1E-11	0	0	-1.7469192E-9	1.015E-12	1.1E-11	-3.554822E-10	-3.563063E-10	-3.507436E-10	-3.400303E-10	-3.443568E-10	2.67E-13	2.03E-13	2E-13	1.78E-13	1.67E-13	2.4E-12	1.9E-12	2.4E-12	1.1E-12	3.2E-12	0	0	0	0	0	0	0	0	0	0	0	0	0	0	0	13:39:22..483398
-1.596792375	0.5	0.5	1	0	-1.5266771E-9	7.07E-13	1.28E-11	0	0	-1.5266771E-9	7.07E-13	1.28E-11	-3.122167E-10	-3.095385E-10	-3.043876E-10	-2.998552E-10	-3.006791E-10	1.53E-13	1.59E-13	1.64E-13	1.11E-13	1.2E-13	2.6E-12	2.9E-12	1.6E-12	3.1E-12	2.6E-12	0	0	0	0	0	0	0	0	0	0	0	0	0	0	0	13:39:23..474609
-1.596591339	0.5	0.5	1	0	-1.2747075E-9	1.9E-13	1.36E-11	0	0	-1.2747075E-9	1.9E-13	1.36E-11	-2.66479E-10	-2.660669E-10	-2.543233E-10	-2.436102E-10	-2.442281E-10	4.9E-14	5.7E-14	4.4E-14	4.2E-14	-2E-15	1.7E-12	3E-12	3E-12	3.1E-12	2.8E-12	0	0	0	0	0	0	0	0	0	0	0	0	0	0	0	13:39:24..377929
-1.596390125	0.5	0.5	1	0	-9.193109E-10	-2.8E-14	1.61E-11	0	0	-9.193109E-10	-2.8E-14	1.61E-11	-2.073493E-10	-1.937514E-10	-1.795357E-10	-1.669679E-10	-1.717066E-10	1E-15	-1E-15	2.8E-14	-5.1E-14	-5E-15	3.8E-12	2.9E-12	3.5E-12	2.9E-12	3E-12	0	0	0	0	0	0	0	0	0	0	0	0	0	0	0	13:39:25..376953
-1.596190161	0.5	0.5	1	0	-5.946124E-10	-3.08E-13	1.22E-11	0	0	-5.946124E-10	-3.08E-13	1.22E-11	-1.284409E-10	-1.259685E-10	-1.197878E-10	-1.13607E-10	-1.068082E-10	-4.3E-14	-3.1E-14	-1.15E-13	-5.6E-14	-6.3E-14	1.4E-12	2.8E-12	2.2E-12	2.9E-12	2.9E-12	0	0	0	0	0	0	0	0	0	0	0	0	0	0	0	13:39:26..376953
-1.595989732	0.5	0.5	1	0	-2.7588857E-10	-8.94E-13	1.5E-11	0	0	-2.7588857E-10	-8.94E-13	1.5E-11	-6.889913E-11	-5.962792E-11	-5.571338E-11	-4.396984E-11	-4.76783E-11	-1.99E-13	-1.84E-13	-2E-13	-1.56E-13	-1.55E-13	2.3E-12	3.3E-12	5E-12	2.9E-12	1.5E-12	0	0	0	0	0	0	0	0	0	0	0	0	0	0	0	13:39:27..378906
