TLateral	time	subtime	time points	Diode1	Diode2	Diode3	Timepix
-0.2507	1	1	1	5.1963149E-9	2.782E-10	2.719E-10	0	5.1963149E-9	2.782E-10	2.719E-10	5.164857E-10	5.177484E-10	5.178539E-10	5.174946E-10	5.195173E-10	5.201378E-10	5.212995E-10	5.210567E-10	5.223339E-10	5.223871E-10	2.89E-11	2.81E-11	2.88E-11	2.83E-11	2.9E-11	2.6E-11	2.86E-11	2.67E-11	2.72E-11	2.66E-11	2.6E-11	2.69E-11	2.84E-11	2.7E-11	2.71E-11	2.76E-11	2.7E-11	2.71E-11	2.79E-11	2.69E-11	0	0	0	0	0	0	0	0	0	0	0	0	0	0	0	0	0	0	0	0	0	0	0	0	0	0	0	0	0	0	0	0	14:48:30..786132
-0.2451	1	1	1	5.2871698E-9	2.511E-10	2.794E-10	0	5.2871698E-9	2.511E-10	2.794E-10	5.282837E-10	5.263212E-10	5.266226E-10	5.2889E-10	5.279626E-10	5.281356E-10	5.284918E-10	5.295832E-10	5.308666E-10	5.320125E-10	2.6E-11	2.74E-11	2.46E-11	2.56E-11	2.61E-11	2.63E-11	2.33E-11	2.42E-11	2.43E-11	2.33E-11	2.89E-11	2.73E-11	2.84E-11	2.6E-11	3.01E-11	2.73E-11	2.81E-11	2.71E-11	2.73E-11	2.89E-11	0	0	0	0	0	0	0	0	0	0	0	0	0	0	0	0	0	0	0	0	0	0	0	0	0	0	0	0	0	0	0	0	14:48:32..591796
-0.2412	1	1	1	5.3550868E-9	2.116E-10	2.821E-10	0	5.3550868E-9	2.116E-10	2.821E-10	5.339485E-10	5.342495E-10	5.350299E-10	5.361575E-10	5.354474E-10	5.355227E-10	5.358096E-10	5.365876E-10	5.357854E-10	5.365487E-10	2.19E-11	2.29E-11	2E-11	2.19E-11	2.23E-11	1.96E-11	2.04E-11	2.11E-11	2.03E-11	2.12E-11	2.85E-11	2.66E-11	2.95E-11	2.78E-11	2.92E-11	2.89E-11	2.78E-11	2.76E-11	2.96E-11	2.66E-11	0	0	0	0	0	0	0	0	0	0	0	0	0	0	0	0	0	0	0	0	0	0	0	0	0	0	0	0	0	0	0	0	14:48:34..384765
-0.2355	1	1	1	5.3811678E-9	1.774E-10	2.77E-10	0	5.3811678E-9	1.774E-10	2.77E-10	5.374226E-10	5.371875E-10	5.37776E-10	5.380746E-10	5.376446E-10	5.389035E-10	5.389727E-10	5.384427E-10	5.390547E-10	5.376889E-10	1.83E-11	1.73E-11	1.92E-11	1.95E-11	1.68E-11	1.62E-11	1.82E-11	1.69E-11	1.77E-11	1.73E-11	2.84E-11	2.86E-11	2.69E-11	2.74E-11	2.68E-11	3.03E-11	2.66E-11	2.61E-11	2.84E-11	2.75E-11	0	0	0	0	0	0	0	0	0	0	0	0	0	0	0	0	0	0	0	0	0	0	0	0	0	0	0	0	0	0	0	0	14:48:36..188476
-0.2303	1	1	1	5.3643293E-9	1.618E-10	2.853E-10	0	5.3643293E-9	1.618E-10	2.853E-10	5.375759E-10	5.367629E-10	5.367188E-10	5.360987E-10	5.37339E-10	5.358781E-10	5.353024E-10	5.364038E-10	5.359834E-10	5.362663E-10	1.75E-11	1.54E-11	1.67E-11	1.61E-11	1.56E-11	1.54E-11	1.55E-11	1.7E-11	1.53E-11	1.73E-11	2.89E-11	2.9E-11	2.92E-11	2.7E-11	3.02E-11	2.76E-11	2.89E-11	2.66E-11	2.97E-11	2.82E-11	0	0	0	0	0	0	0	0	0	0	0	0	0	0	0	0	0	0	0	0	0	0	0	0	0	0	0	0	0	0	0	0	14:48:37..984375
-0.225	1	1	1	5.3482432E-9	1.434E-10	2.925E-10	0	5.3482432E-9	1.434E-10	2.925E-10	5.35579E-10	5.359569E-10	5.352723E-10	5.346333E-10	5.357303E-10	5.333605E-10	5.353752E-10	5.34886E-10	5.339646E-10	5.334851E-10	1.45E-11	1.38E-11	1.4E-11	1.37E-11	1.43E-11	1.36E-11	1.43E-11	1.53E-11	1.51E-11	1.48E-11	3.06E-11	2.91E-11	3.05E-11	2.87E-11	2.94E-11	2.94E-11	2.91E-11	2.89E-11	2.79E-11	2.89E-11	0	0	0	0	0	0	0	0	0	0	0	0	0	0	0	0	0	0	0	0	0	0	0	0	0	0	0	0	0	0	0	0	14:48:39..786132
-0.2211	1	1	1	5.3304397E-9	1.417E-10	2.868E-10	0	5.3304397E-9	1.417E-10	2.868E-10	5.342596E-10	5.333479E-10	5.346293E-10	5.319959E-10	5.329019E-10	5.328306E-10	5.327579E-10	5.322003E-10	5.334995E-10	5.320168E-10	1.4E-11	1.41E-11	1.44E-11	1.41E-11	1.37E-11	1.44E-11	1.43E-11	1.47E-11	1.48E-11	1.32E-11	2.81E-11	2.68E-11	2.89E-11	2.93E-11	2.84E-11	3E-11	2.81E-11	2.91E-11	2.93E-11	2.88E-11	0	0	0	0	0	0	0	0	0	0	0	0	0	0	0	0	0	0	0	0	0	0	0	0	0	0	0	0	0	0	0	0	14:48:41..590820
-0.2157	1	1	1	5.3010161E-9	1.28E-10	2.781E-10	0	5.3010161E-9	1.28E-10	2.781E-10	5.324144E-10	5.298903E-10	5.297302E-10	5.317109E-10	5.296799E-10	5.302601E-10	5.306945E-10	5.293123E-10	5.287467E-10	5.285768E-10	1.41E-11	1.18E-11	1.48E-11	1.33E-11	1.3E-11	1.28E-11	1.33E-11	1.14E-11	1.17E-11	1.18E-11	2.68E-11	2.89E-11	3.01E-11	2.9E-11	2.55E-11	2.85E-11	2.89E-11	2.63E-11	2.77E-11	2.64E-11	0	0	0	0	0	0	0	0	0	0	0	0	0	0	0	0	0	0	0	0	0	0	0	0	0	0	0	0	0	0	0	0	14:48:43..384765
-0.2103	1	1	1	5.2533963E-9	1.038E-10	2.77E-10	0	5.2533963E-9	1.038E-10	2.77E-10	5.293024E-10	5.263942E-10	5.267439E-10	5.250423E-10	5.24583E-10	5.247247E-10	5.245446E-10	5.25127E-10	5.23543E-10	5.233912E-10	1.09E-11	1.12E-11	9.7E-12	8.7E-12	9.6E-12	1.32E-11	1.16E-11	1.07E-11	8.1E-12	1.01E-11	2.92E-11	2.9E-11	2.83E-11	2.55E-11	2.97E-11	2.61E-11	2.85E-11	2.54E-11	2.74E-11	2.79E-11	0	0	0	0	0	0	0	0	0	0	0	0	0	0	0	0	0	0	0	0	0	0	0	0	0	0	0	0	0	0	0	0	14:48:45..188476
-0.2051	1	1	1	5.1857171E-9	8.97E-11	2.655E-10	0	5.1857171E-9	8.97E-11	2.655E-10	5.218025E-10	5.187509E-10	5.187306E-10	5.177223E-10	5.175386E-10	5.186823E-10	5.191007E-10	5.194644E-10	5.172571E-10	5.166677E-10	8.9E-12	9.4E-12	1.05E-11	1.07E-11	7.2E-12	8E-12	9.9E-12	7.4E-12	1.04E-11	7.3E-12	2.6E-11	2.71E-11	2.7E-11	2.58E-11	2.84E-11	2.68E-11	2.6E-11	2.66E-11	2.53E-11	2.65E-11	0	0	0	0	0	0	0	0	0	0	0	0	0	0	0	0	0	0	0	0	0	0	0	0	0	0	0	0	0	0	0	0	14:48:46..984375
-0.2	1	1	1	5.0897089E-9	3.66E-11	2.685E-10	0	5.0897089E-9	3.66E-11	2.685E-10	5.111745E-10	5.102028E-10	5.102204E-10	5.093824E-10	5.102123E-10	5.086873E-10	5.091412E-10	5.061994E-10	5.081537E-10	5.063349E-10	5E-12	4.1E-12	5.1E-12	5.4E-12	2.7E-12	4.2E-12	4.8E-12	2.1E-12	1.5E-12	1.7E-12	2.67E-11	2.71E-11	2.72E-11	2.74E-11	2.64E-11	2.73E-11	2.65E-11	2.51E-11	2.81E-11	2.67E-11	0	0	0	0	0	0	0	0	0	0	0	0	0	0	0	0	0	0	0	0	0	0	0	0	0	0	0	0	0	0	0	0	14:48:48..794921
-0.1958	1	1	1	4.9393686E-9	-1E-11	2.556E-10	0	4.9393686E-9	-1E-11	2.556E-10	4.992228E-10	4.974712E-10	4.973856E-10	4.972278E-10	4.933767E-10	4.920674E-10	4.915228E-10	4.933342E-10	4.907355E-10	4.870246E-10	2.3E-12	-1.2E-12	-2E-13	-1.6E-12	-6E-13	-2.6E-12	-8E-13	-0	-1.7E-12	-3.6E-12	2.59E-11	2.59E-11	2.68E-11	2.44E-11	2.5E-11	2.58E-11	2.55E-11	2.6E-11	2.48E-11	2.55E-11	0	0	0	0	0	0	0	0	0	0	0	0	0	0	0	0	0	0	0	0	0	0	0	0	0	0	0	0	0	0	0	0	14:48:50..590820
-0.1903	1	1	1	4.7276868E-9	-4.78E-11	2.647E-10	0	4.7276868E-9	-4.78E-11	2.647E-10	4.770332E-10	4.753076E-10	4.76704E-10	4.756752E-10	4.738226E-10	4.741593E-10	4.694369E-10	4.712278E-10	4.666822E-10	4.67638E-10	-3.4E-12	-4.5E-12	-5E-12	-5.5E-12	-2.9E-12	-4.1E-12	-5.1E-12	-7.7E-12	-3.9E-12	-5.7E-12	2.65E-11	2.61E-11	2.57E-11	2.41E-11	2.73E-11	2.59E-11	2.78E-11	2.57E-11	2.8E-11	2.76E-11	0	0	0	0	0	0	0	0	0	0	0	0	0	0	0	0	0	0	0	0	0	0	0	0	0	0	0	0	0	0	0	0	14:48:52..385742
-0.185	1	1	1	4.4738814E-9	-1.038E-10	2.572E-10	0	4.4738814E-9	-1.038E-10	2.572E-10	4.53811E-10	4.542116E-10	4.522489E-10	4.500503E-10	4.465359E-10	4.453879E-10	4.450043E-10	4.440969E-10	4.414674E-10	4.410672E-10	-1E-11	-8.4E-12	-9.5E-12	-9.8E-12	-9.6E-12	-1.03E-11	-9.3E-12	-1.21E-11	-1.24E-11	-1.24E-11	2.52E-11	2.53E-11	2.68E-11	2.53E-11	2.79E-11	2.52E-11	2.78E-11	2.54E-11	2.51E-11	2.32E-11	0	0	0	0	0	0	0	0	0	0	0	0	0	0	0	0	0	0	0	0	0	0	0	0	0	0	0	0	0	0	0	0	14:48:54..187500
-0.1812	1	1	1	4.1537872E-9	-1.598E-10	2.634E-10	0	4.1537872E-9	-1.598E-10	2.634E-10	4.256236E-10	4.285094E-10	4.200319E-10	4.175827E-10	4.144724E-10	4.131303E-10	4.125403E-10	4.097918E-10	4.071204E-10	4.049844E-10	-1.6E-11	-1.52E-11	-1.47E-11	-1.44E-11	-1.52E-11	-1.76E-11	-1.47E-11	-1.59E-11	-1.72E-11	-1.89E-11	2.77E-11	2.49E-11	2.6E-11	2.69E-11	2.68E-11	2.58E-11	2.63E-11	2.67E-11	2.62E-11	2.61E-11	0	0	0	0	0	0	0	0	0	0	0	0	0	0	0	0	0	0	0	0	0	0	0	0	0	0	0	0	0	0	0	0	14:48:55..983398
-0.1755	1	1	1	3.7733763E-9	-2.151E-10	2.715E-10	0	3.7733763E-9	-2.151E-10	2.715E-10	3.848683E-10	3.861916E-10	3.854361E-10	3.809475E-10	3.761478E-10	3.748302E-10	3.747555E-10	3.716881E-10	3.722032E-10	3.66308E-10	-1.98E-11	-2.11E-11	-2.16E-11	-2.06E-11	-2.05E-11	-2.24E-11	-2.47E-11	-2.27E-11	-2.08E-11	-2.09E-11	2.88E-11	2.74E-11	2.88E-11	2.81E-11	2.6E-11	2.6E-11	2.76E-11	2.63E-11	2.57E-11	2.68E-11	0	0	0	0	0	0	0	0	0	0	0	0	0	0	0	0	0	0	0	0	0	0	0	0	0	0	0	0	0	0	0	0	14:48:57..786132
-0.1707	1	1	1	3.4653443E-9	-2.474E-10	2.708E-10	0	3.4653443E-9	-2.474E-10	2.708E-10	3.55755E-10	3.497934E-10	3.481644E-10	3.492497E-10	3.462266E-10	3.471904E-10	3.440358E-10	3.447753E-10	3.403719E-10	3.397818E-10	-2.74E-11	-2.47E-11	-2.42E-11	-2.26E-11	-2.51E-11	-2.47E-11	-2.44E-11	-2.59E-11	-2.3E-11	-2.54E-11	2.84E-11	2.93E-11	2.77E-11	2.51E-11	2.64E-11	2.53E-11	2.75E-11	2.6E-11	2.7E-11	2.81E-11	0	0	0	0	0	0	0	0	0	0	0	0	0	0	0	0	0	0	0	0	0	0	0	0	0	0	0	0	0	0	0	0	14:48:59..590820
-0.165	1	1	1	3.2251801E-9	-2.601E-10	2.844E-10	0	3.2251801E-9	-2.601E-10	2.844E-10	3.300898E-10	3.318397E-10	3.321996E-10	3.222768E-10	3.22473E-10	3.210563E-10	3.195104E-10	3.184857E-10	3.1465E-10	3.125988E-10	-2.47E-11	-2.63E-11	-2.51E-11	-2.67E-11	-2.5E-11	-2.7E-11	-2.42E-11	-2.66E-11	-2.66E-11	-2.79E-11	3.05E-11	2.7E-11	2.83E-11	2.64E-11	3.05E-11	2.87E-11	2.81E-11	2.71E-11	2.9E-11	2.88E-11	0	0	0	0	0	0	0	0	0	0	0	0	0	0	0	0	0	0	0	0	0	0	0	0	0	0	0	0	0	0	0	0	14:49:01..384765
-0.1608	1	1	1	2.9112053E-9	-2.789E-10	2.878E-10	0	2.9112053E-9	-2.789E-10	2.878E-10	3.02537E-10	2.936549E-10	2.914806E-10	2.920241E-10	2.908215E-10	2.907287E-10	2.890392E-10	2.921029E-10	2.851409E-10	2.836755E-10	-2.74E-11	-2.7E-11	-2.74E-11	-2.73E-11	-2.79E-11	-2.73E-11	-2.85E-11	-2.96E-11	-2.77E-11	-2.88E-11	2.74E-11	2.86E-11	2.85E-11	2.82E-11	2.94E-11	2.98E-11	2.94E-11	2.85E-11	2.96E-11	2.84E-11	0	0	0	0	0	0	0	0	0	0	0	0	0	0	0	0	0	0	0	0	0	0	0	0	0	0	0	0	0	0	0	0	14:49:03..187500
-0.1553	1	1	1	2.7344986E-9	-2.813E-10	3.022E-10	0	2.7344986E-9	-2.813E-10	3.022E-10	2.734217E-10	2.733451E-10	2.771766E-10	2.708694E-10	2.752525E-10	2.759153E-10	2.711886E-10	2.753357E-10	2.707525E-10	2.712412E-10	-2.87E-11	-2.78E-11	-2.94E-11	-2.8E-11	-2.72E-11	-2.67E-11	-2.87E-11	-2.86E-11	-2.82E-11	-2.8E-11	2.99E-11	2.93E-11	2.97E-11	3E-11	3.02E-11	3.09E-11	3.1E-11	2.95E-11	3.32E-11	2.85E-11	0	0	0	0	0	0	0	0	0	0	0	0	0	0	0	0	0	0	0	0	0	0	0	0	0	0	0	0	0	0	0	0	14:49:04..984375
-0.15	1	1	1	2.7612264E-9	-2.794E-10	3.119E-10	0	2.7612264E-9	-2.794E-10	3.119E-10	2.792966E-10	2.726576E-10	2.763176E-10	2.737571E-10	2.750466E-10	2.740057E-10	2.741513E-10	2.80897E-10	2.769341E-10	2.781628E-10	-2.93E-11	-3.05E-11	-2.9E-11	-2.84E-11	-2.6E-11	-2.78E-11	-2.97E-11	-2.48E-11	-2.69E-11	-2.7E-11	3.11E-11	3.15E-11	3.16E-11	3.06E-11	3.11E-11	3.25E-11	3.07E-11	3.01E-11	3.1E-11	3.17E-11	0	0	0	0	0	0	0	0	0	0	0	0	0	0	0	0	0	0	0	0	0	0	0	0	0	0	0	0	0	0	0	0	14:49:06..786132
-0.1462	1	1	1	2.986325E-9	-3.3E-10	3.282E-10	0	2.986325E-9	-3.3E-10	3.282E-10	2.944876E-10	2.943298E-10	2.949967E-10	2.938569E-10	2.986546E-10	2.963043E-10	2.99388E-10	3.036115E-10	3.039411E-10	3.067545E-10	-3.3E-11	-3.3E-11	-3.38E-11	-3.28E-11	-3.37E-11	-3.36E-11	-3.45E-11	-3.17E-11	-3.12E-11	-3.27E-11	3.43E-11	3.22E-11	3.27E-11	3.43E-11	3.32E-11	3.45E-11	3.13E-11	3.35E-11	3.18E-11	3.04E-11	0	0	0	0	0	0	0	0	0	0	0	0	0	0	0	0	0	0	0	0	0	0	0	0	0	0	0	0	0	0	0	0	14:49:08..582031
-0.1405	1	1	1	3.2625352E-9	-3.238E-10	3.368E-10	0	3.2625352E-9	-3.238E-10	3.368E-10	3.199084E-10	3.21054E-10	3.223392E-10	3.225981E-10	3.256681E-10	3.272302E-10	3.267289E-10	3.298813E-10	3.318559E-10	3.352711E-10	-3.19E-11	-3.43E-11	-3.44E-11	-3.2E-11	-3.19E-11	-3.08E-11	-3.22E-11	-3.14E-11	-3.17E-11	-3.32E-11	3.25E-11	3.47E-11	3.33E-11	3.36E-11	3.52E-11	3.45E-11	3.24E-11	3.43E-11	3.43E-11	3.2E-11	0	0	0	0	0	0	0	0	0	0	0	0	0	0	0	0	0	0	0	0	0	0	0	0	0	0	0	0	0	0	0	0	14:49:10..385742
-0.1353	1	1	1	3.6265852E-9	-3.187E-10	3.563E-10	0	3.6265852E-9	-3.187E-10	3.563E-10	3.529703E-10	3.58819E-10	3.568847E-10	3.590817E-10	3.612984E-10	3.614703E-10	3.665689E-10	3.66688E-10	3.69679E-10	3.731249E-10	-3.13E-11	-3.17E-11	-3.36E-11	-3.12E-11	-3.17E-11	-3.35E-11	-3.18E-11	-3.17E-11	-3.12E-11	-3.1E-11	3.61E-11	3.49E-11	3.45E-11	3.37E-11	3.71E-11	3.42E-11	3.52E-11	3.8E-11	3.59E-11	3.67E-11	0	0	0	0	0	0	0	0	0	0	0	0	0	0	0	0	0	0	0	0	0	0	0	0	0	0	0	0	0	0	0	0	14:49:12..187500
-0.13	1	1	1	4.0048305E-9	-2.601E-10	3.709E-10	0	4.0048305E-9	-2.601E-10	3.709E-10	3.899183E-10	3.980642E-10	3.945017E-10	3.959322E-10	3.979859E-10	4.01427E-10	4.066836E-10	4.054933E-10	4.066777E-10	4.081466E-10	-2.76E-11	-2.79E-11	-2.73E-11	-2.57E-11	-2.4E-11	-2.55E-11	-2.54E-11	-2.52E-11	-2.56E-11	-2.59E-11	3.5E-11	3.65E-11	3.75E-11	3.82E-11	4E-11	3.56E-11	3.71E-11	3.71E-11	3.68E-11	3.71E-11	0	0	0	0	0	0	0	0	0	0	0	0	0	0	0	0	0	0	0	0	0	0	0	0	0	0	0	0	0	0	0	0	14:49:13..983398
-0.1257	1	1	1	4.3226762E-9	-2.149E-10	3.957E-10	0	4.3226762E-9	-2.149E-10	3.957E-10	4.268323E-10	4.276186E-10	4.260521E-10	4.290226E-10	4.304413E-10	4.376503E-10	4.335009E-10	4.34752E-10	4.378301E-10	4.38976E-10	-2.38E-11	-2.33E-11	-2.21E-11	-2.02E-11	-2.17E-11	-2.14E-11	-2.25E-11	-2.16E-11	-1.78E-11	-2.05E-11	3.88E-11	4.02E-11	3.96E-11	3.87E-11	4.25E-11	4.01E-11	4.07E-11	3.97E-11	3.84E-11	3.7E-11	0	0	0	0	0	0	0	0	0	0	0	0	0	0	0	0	0	0	0	0	0	0	0	0	0	0	0	0	0	0	0	0	14:49:15..786132
-0.1203	1	1	1	4.5346421E-9	-1.81E-10	4.247E-10	0	4.5346421E-9	-1.81E-10	4.247E-10	4.490686E-10	4.524691E-10	4.534397E-10	4.542838E-10	4.543609E-10	4.523176E-10	4.537425E-10	4.551149E-10	4.547708E-10	4.550742E-10	-1.98E-11	-1.98E-11	-1.82E-11	-1.84E-11	-1.94E-11	-1.73E-11	-1.65E-11	-1.75E-11	-1.73E-11	-1.68E-11	4.39E-11	4.17E-11	4.2E-11	4.21E-11	4.32E-11	4.13E-11	4.29E-11	4.57E-11	4.01E-11	4.18E-11	0	0	0	0	0	0	0	0	0	0	0	0	0	0	0	0	0	0	0	0	0	0	0	0	0	0	0	0	0	0	0	0	14:49:17..590820
-0.1151	1	1	1	4.6731523E-9	-1.64E-10	4.544E-10	0	4.6731523E-9	-1.64E-10	4.544E-10	4.644773E-10	4.645704E-10	4.63675E-10	4.658155E-10	4.657489E-10	4.70979E-10	4.673087E-10	4.685394E-10	4.709725E-10	4.710656E-10	-1.75E-11	-1.76E-11	-1.85E-11	-1.6E-11	-1.7E-11	-1.7E-11	-1.61E-11	-1.34E-11	-1.69E-11	-1.4E-11	4.38E-11	4.57E-11	4.51E-11	4.26E-11	4.77E-11	4.77E-11	4.59E-11	4.61E-11	4.44E-11	4.54E-11	0	0	0	0	0	0	0	0	0	0	0	0	0	0	0	0	0	0	0	0	0	0	0	0	0	0	0	0	0	0	0	0	14:49:19..376953
-0.1112	1	1	1	4.7973224E-9	-1.286E-10	4.883E-10	0	4.7973224E-9	-1.286E-10	4.883E-10	4.769489E-10	4.770296E-10	4.772136E-10	4.779447E-10	4.799356E-10	4.829787E-10	4.830903E-10	4.80243E-10	4.806305E-10	4.813075E-10	-1.27E-11	-1.31E-11	-1.14E-11	-1.49E-11	-1.27E-11	-1.23E-11	-1.34E-11	-1.17E-11	-1.45E-11	-1.19E-11	4.99E-11	4.93E-11	4.97E-11	4.9E-11	4.73E-11	4.49E-11	5.21E-11	4.88E-11	4.69E-11	5.04E-11	0	0	0	0	0	0	0	0	0	0	0	0	0	0	0	0	0	0	0	0	0	0	0	0	0	0	0	0	0	0	0	0	14:49:21..180664
-0.1055	1	1	1	4.8857377E-9	-8.55E-11	5.323E-10	0	4.8857377E-9	-8.55E-11	5.323E-10	4.854629E-10	4.864645E-10	4.883748E-10	4.872628E-10	4.882372E-10	4.889039E-10	4.910684E-10	4.906822E-10	4.902923E-10	4.889887E-10	-8.6E-12	-9.4E-12	-8.6E-12	-6.9E-12	-8.2E-12	-1.06E-11	-7.9E-12	-7E-12	-8E-12	-1.03E-11	5.45E-11	5.44E-11	5.08E-11	5.36E-11	5.23E-11	5.34E-11	5.32E-11	5.49E-11	5.23E-11	5.29E-11	0	0	0	0	0	0	0	0	0	0	0	0	0	0	0	0	0	0	0	0	0	0	0	0	0	0	0	0	0	0	0	0	14:49:22..982421
-0.1003	1	1	1	4.9135836E-9	-6.84E-11	5.937E-10	0	4.9135836E-9	-6.84E-11	5.937E-10	4.908949E-10	4.910142E-10	4.926284E-10	4.915132E-10	4.927154E-10	4.907758E-10	4.904296E-10	4.917778E-10	4.902202E-10	4.916141E-10	-7.6E-12	-7E-12	-7.8E-12	-7.1E-12	-6.5E-12	-6.7E-12	-6.3E-12	-7.2E-12	-5.7E-12	-6.5E-12	5.94E-11	5.9E-11	6.05E-11	6.09E-11	5.95E-11	5.93E-11	6.07E-11	5.91E-11	5.62E-11	5.91E-11	0	0	0	0	0	0	0	0	0	0	0	0	0	0	0	0	0	0	0	0	0	0	0	0	0	0	0	0	0	0	0	0	14:49:24..785156
-0.0967	1	1	1	4.8629185E-9	-8.24E-11	6.589E-10	0	4.8629185E-9	-8.24E-11	6.589E-10	4.865746E-10	4.871682E-10	4.890654E-10	4.865785E-10	4.892356E-10	4.878757E-10	4.830231E-10	4.861722E-10	4.839046E-10	4.833206E-10	-7E-12	-7.6E-12	-7.7E-12	-7.8E-12	-8.4E-12	-6.9E-12	-8.8E-12	-8.1E-12	-9.3E-12	-1.08E-11	6.47E-11	6.36E-11	6.6E-11	6.66E-11	6.74E-11	6.69E-11	6.71E-11	6.64E-11	6.51E-11	6.51E-11	0	0	0	0	0	0	0	0	0	0	0	0	0	0	0	0	0	0	0	0	0	0	0	0	0	0	0	0	0	0	0	0	14:49:26..582031
-0.0908	1	1	1	4.710786E-9	-1.18E-10	7.207E-10	0	4.710786E-9	-1.18E-10	7.207E-10	4.759113E-10	4.747276E-10	4.738607E-10	4.715628E-10	4.742184E-10	4.710554E-10	4.702271E-10	4.699544E-10	4.649405E-10	4.643278E-10	-1.34E-11	-9.8E-12	-9.4E-12	-8.9E-12	-1.24E-11	-1.19E-11	-1.19E-11	-1.58E-11	-1.19E-11	-1.26E-11	7.07E-11	7.11E-11	7.29E-11	7.12E-11	7.24E-11	7.26E-11	7.4E-11	7.19E-11	7.2E-11	7.19E-11	0	0	0	0	0	0	0	0	0	0	0	0	0	0	0	0	0	0	0	0	0	0	0	0	0	0	0	0	0	0	0	0	14:49:28..381835
-0.0853	1	1	1	4.4911236E-9	-1.6E-10	8.094E-10	0	4.4911236E-9	-1.6E-10	8.094E-10	4.575985E-10	4.554221E-10	4.515051E-10	4.509433E-10	4.490074E-10	4.473237E-10	4.486113E-10	4.455681E-10	4.436929E-10	4.414512E-10	-1.55E-11	-1.69E-11	-1.48E-11	-1.59E-11	-1.64E-11	-1.53E-11	-1.71E-11	-1.5E-11	-1.63E-11	-1.68E-11	8.08E-11	7.73E-11	7.99E-11	8.1E-11	8.11E-11	8.22E-11	8.22E-11	8.07E-11	8.4E-11	8.02E-11	0	0	0	0	0	0	0	0	0	0	0	0	0	0	0	0	0	0	0	0	0	0	0	0	0	0	0	0	0	0	0	0	14:49:30..187500
-0.0801	1	1	1	4.2187941E-9	-2.024E-10	9.037E-10	0	4.2187941E-9	-2.024E-10	9.037E-10	4.288854E-10	4.281156E-10	4.253973E-10	4.227459E-10	4.209898E-10	4.213268E-10	4.201871E-10	4.196418E-10	4.166363E-10	4.148681E-10	-1.88E-11	-1.97E-11	-1.88E-11	-2.06E-11	-1.93E-11	-2.23E-11	-2.06E-11	-1.94E-11	-2.12E-11	-2.17E-11	8.92E-11	9.02E-11	8.86E-11	8.92E-11	8.89E-11	9.06E-11	9.46E-11	9.11E-11	9.27E-11	8.86E-11	0	0	0	0	0	0	0	0	0	0	0	0	0	0	0	0	0	0	0	0	0	0	0	0	0	0	0	0	0	0	0	0	14:49:31..985351
-0.0762	1	1	1	3.9843516E-9	-2.272E-10	1.0347E-9	0	3.9843516E-9	-2.272E-10	1.0347E-9	4.068921E-10	4.028239E-10	4.012861E-10	3.988606E-10	3.988E-10	3.974498E-10	3.967024E-10	3.975189E-10	3.929659E-10	3.910519E-10	-2.13E-11	-2.29E-11	-2.3E-11	-2.25E-11	-2.36E-11	-2.39E-11	-2.14E-11	-2.3E-11	-2.27E-11	-2.29E-11	1.052E-10	1.051E-10	1.032E-10	1.015E-10	1.012E-10	1.059E-10	1.057E-10	1.03E-10	1.01E-10	1.029E-10	0	0	0	0	0	0	0	0	0	0	0	0	0	0	0	0	0	0	0	0	0	0	0	0	0	0	0	0	0	0	0	0	14:49:33..785156
-0.0705	1	1	1	3.7382223E-9	-2.612E-10	1.1698E-9	0	3.7382223E-9	-2.612E-10	1.1698E-9	3.790928E-10	3.789912E-10	3.770192E-10	3.755939E-10	3.723991E-10	3.769378E-10	3.746299E-10	3.692387E-10	3.666377E-10	3.67682E-10	-2.51E-11	-2.47E-11	-2.59E-11	-2.41E-11	-2.83E-11	-2.67E-11	-2.77E-11	-2.66E-11	-2.7E-11	-2.51E-11	1.194E-10	1.15E-10	1.187E-10	1.163E-10	1.17E-10	1.141E-10	1.174E-10	1.19E-10	1.153E-10	1.176E-10	0	0	0	0	0	0	0	0	0	0	0	0	0	0	0	0	0	0	0	0	0	0	0	0	0	0	0	0	0	0	0	0	14:49:35..583984
-0.0651	1	1	1	3.5225482E-9	-2.743E-10	1.3543E-9	0	3.5225482E-9	-2.743E-10	1.3543E-9	3.602717E-10	3.545423E-10	3.531987E-10	3.527725E-10	3.520365E-10	3.515456E-10	3.526286E-10	3.494292E-10	3.48684E-10	3.474391E-10	-2.65E-11	-2.68E-11	-2.7E-11	-2.63E-11	-2.74E-11	-2.79E-11	-2.81E-11	-2.62E-11	-2.94E-11	-2.87E-11	1.321E-10	1.353E-10	1.342E-10	1.352E-10	1.357E-10	1.391E-10	1.356E-10	1.324E-10	1.374E-10	1.373E-10	0	0	0	0	0	0	0	0	0	0	0	0	0	0	0	0	0	0	0	0	0	0	0	0	0	0	0	0	0	0	0	0	14:49:37..382812
-0.0612	1	1	1	3.5091649E-9	-2.595E-10	1.5756E-9	0	3.5091649E-9	-2.595E-10	1.5756E-9	3.508927E-10	3.490094E-10	3.510057E-10	3.47764E-10	3.495344E-10	3.525379E-10	3.517031E-10	3.520991E-10	3.517149E-10	3.529037E-10	-2.74E-11	-2.75E-11	-2.48E-11	-2.6E-11	-2.74E-11	-2.67E-11	-2.46E-11	-2.53E-11	-2.42E-11	-2.56E-11	1.576E-10	1.606E-10	1.568E-10	1.565E-10	1.599E-10	1.579E-10	1.565E-10	1.548E-10	1.566E-10	1.584E-10	0	0	0	0	0	0	0	0	0	0	0	0	0	0	0	0	0	0	0	0	0	0	0	0	0	0	0	0	0	0	0	0	14:49:39..181640
-0.0555	1	1	1	3.5817158E-9	-2.639E-10	1.8774E-9	0	3.5817158E-9	-2.639E-10	1.8774E-9	3.563088E-10	3.594977E-10	3.579539E-10	3.559892E-10	3.591384E-10	3.567309E-10	3.588367E-10	3.598896E-10	3.577234E-10	3.596472E-10	-2.66E-11	-2.54E-11	-2.46E-11	-2.56E-11	-2.74E-11	-2.76E-11	-2.59E-11	-2.54E-11	-2.8E-11	-2.74E-11	1.888E-10	1.854E-10	1.849E-10	1.861E-10	1.895E-10	1.87E-10	1.904E-10	1.864E-10	1.883E-10	1.906E-10	0	0	0	0	0	0	0	0	0	0	0	0	0	0	0	0	0	0	0	0	0	0	0	0	0	0	0	0	0	0	0	0	14:49:40..980468
-0.0501	1	1	1	3.6175008E-9	-2.539E-10	2.295E-9	0	3.6175008E-9	-2.539E-10	2.295E-9	3.592693E-10	3.609085E-10	3.595158E-10	3.655202E-10	3.623455E-10	3.611407E-10	3.612216E-10	3.62632E-10	3.613145E-10	3.636327E-10	-2.67E-11	-2.6E-11	-2.59E-11	-2.47E-11	-2.34E-11	-2.55E-11	-2.47E-11	-2.59E-11	-2.62E-11	-2.49E-11	2.28E-10	2.29E-10	2.276E-10	2.303E-10	2.272E-10	2.303E-10	2.33E-10	2.313E-10	2.291E-10	2.292E-10	0	0	0	0	0	0	0	0	0	0	0	0	0	0	0	0	0	0	0	0	0	0	0	0	0	0	0	0	0	0	0	0	14:49:42..780273
-0.0462	1	1	1	3.6606842E-9	-2.242E-10	2.8521E-9	0	3.6606842E-9	-2.242E-10	2.8521E-9	3.646086E-10	3.714353E-10	3.633982E-10	3.640566E-10	3.707499E-10	3.649963E-10	3.659262E-10	3.653423E-10	3.652571E-10	3.649137E-10	-2.22E-11	-2.22E-11	-2.18E-11	-2.3E-11	-2.12E-11	-2.29E-11	-2.34E-11	-2.2E-11	-2.34E-11	-2.21E-11	2.857E-10	2.858E-10	2.819E-10	2.882E-10	2.826E-10	2.865E-10	2.834E-10	2.879E-10	2.873E-10	2.828E-10	0	0	0	0	0	0	0	0	0	0	0	0	0	0	0	0	0	0	0	0	0	0	0	0	0	0	0	0	0	0	0	0	14:49:44..578125
-0.0405	1	1	1	3.7688538E-9	-2.326E-10	3.6348E-9	0	3.7688538E-9	-2.326E-10	3.6348E-9	3.747107E-10	3.737535E-10	3.714392E-10	3.7385E-10	3.776856E-10	3.772309E-10	3.795531E-10	3.820121E-10	3.793691E-10	3.792496E-10	-2.25E-11	-2.23E-11	-2.19E-11	-2.33E-11	-2.51E-11	-2.34E-11	-2.36E-11	-2.34E-11	-2.27E-11	-2.44E-11	3.626E-10	3.617E-10	3.644E-10	3.58E-10	3.635E-10	3.701E-10	3.632E-10	3.649E-10	3.609E-10	3.655E-10	0	0	0	0	0	0	0	0	0	0	0	0	0	0	0	0	0	0	0	0	0	0	0	0	0	0	0	0	0	0	0	0	14:49:46..383789
-0.0353	1	1	1	3.9527416E-9	-1.944E-10	4.8235E-9	0	3.9527416E-9	-1.944E-10	4.8235E-9	3.937619E-10	3.92242E-10	3.919148E-10	3.977108E-10	3.935842E-10	3.958536E-10	3.965608E-10	3.967082E-10	3.964583E-10	3.97947E-10	-1.92E-11	-2.04E-11	-2.04E-11	-1.84E-11	-2.1E-11	-1.91E-11	-1.92E-11	-1.93E-11	-1.9E-11	-1.84E-11	4.798E-10	4.835E-10	4.774E-10	4.844E-10	4.908E-10	4.838E-10	4.819E-10	4.785E-10	4.807E-10	4.827E-10	0	0	0	0	0	0	0	0	0	0	0	0	0	0	0	0	0	0	0	0	0	0	0	0	0	0	0	0	0	0	0	0	14:49:48..176757
-0.03	1	1	1	4.0662657E-9	-1.82E-10	6.7789E-9	0	4.0662657E-9	-1.82E-10	6.7789E-9	4.028076E-10	4.058771E-10	4.083853E-10	4.050405E-10	4.049735E-10	4.051033E-10	4.074171E-10	4.090722E-10	4.08832E-10	4.087571E-10	-2.1E-11	-1.89E-11	-1.79E-11	-1.79E-11	-1.8E-11	-2.01E-11	-1.64E-11	-1.86E-11	-1.78E-11	-1.54E-11	6.813E-10	6.794E-10	6.691E-10	6.74E-10	6.796E-10	6.811E-10	6.768E-10	6.77E-10	6.786E-10	6.82E-10	0	0	0	0	0	0	0	0	0	0	0	0	0	0	0	0	0	0	0	0	0	0	0	0	0	0	0	0	0	0	0	0	14:49:49..984375
-0.0262	1	1	1	4.188739E-9	-1.479E-10	1.00345E-8	0	4.188739E-9	-1.479E-10	1.00345E-8	4.175503E-10	4.157797E-10	4.166648E-10	4.187524E-10	4.172124E-10	4.179703E-10	4.202294E-10	4.215394E-10	4.213291E-10	4.217112E-10	-1.48E-11	-1.46E-11	-1.54E-11	-1.46E-11	-1.5E-11	-1.56E-11	-1.38E-11	-1.56E-11	-1.42E-11	-1.43E-11	9.902E-10	9.999E-10	1.0014E-9	1.0007E-9	1.0059E-9	1.005E-9	1.0025E-9	1.0078E-9	1.0124E-9	1.0087E-9	0	0	0	0	0	0	0	0	0	0	0	0	0	0	0	0	0	0	0	0	0	0	0	0	0	0	0	0	0	0	0	0	14:49:51..781250
-0.0205	1	1	1	4.3319995E-9	-1.187E-10	1.52489E-8	0	4.3319995E-9	-1.187E-10	1.52489E-8	4.298614E-10	4.2878E-10	4.295745E-10	4.36492E-10	4.319972E-10	4.371038E-10	4.332179E-10	4.355825E-10	4.339656E-10	4.354246E-10	-1.46E-11	-1.22E-11	-1.01E-11	-1.21E-11	-1.23E-11	-1.23E-11	-1.16E-11	-1.25E-11	-1.06E-11	-1.04E-11	1.5136E-9	1.5129E-9	1.5376E-9	1.5269E-9	1.5192E-9	1.5183E-9	1.5249E-9	1.531E-9	1.5383E-9	1.5262E-9	0	0	0	0	0	0	0	0	0	0	0	0	0	0	0	0	0	0	0	0	0	0	0	0	0	0	0	0	0	0	0	0	14:49:53..582031
-0.0155	1	1	1	4.4611898E-9	-9.47E-11	2.26459E-8	0	4.4611898E-9	-9.47E-11	2.26459E-8	4.444417E-10	4.458533E-10	4.449515E-10	4.459051E-10	4.433188E-10	4.490923E-10	4.452289E-10	4.49197E-10	4.466391E-10	4.465621E-10	-1.06E-11	-1.01E-11	-9.3E-12	-9.2E-12	-9.6E-12	-1.04E-11	-1.06E-11	-8E-12	-8.8E-12	-8.1E-12	2.2489E-9	2.2755E-9	2.2661E-9	2.2578E-9	2.273E-9	2.2708E-9	2.266E-9	2.2617E-9	2.2598E-9	2.2663E-9	0	0	0	0	0	0	0	0	0	0	0	0	0	0	0	0	0	0	0	0	0	0	0	0	0	0	0	0	0	0	0	0	14:49:55..384765
-0.0102	1	1	1	4.5499932E-9	-6.55E-11	3.05495E-8	0	4.5499932E-9	-6.55E-11	3.05495E-8	4.542676E-10	4.528651E-10	4.549589E-10	4.528415E-10	4.542597E-10	4.53811E-10	4.555127E-10	4.594531E-10	4.554684E-10	4.565552E-10	-6E-12	-6.1E-12	-6.5E-12	-9E-12	-7.1E-12	-7.7E-12	-6.9E-12	-5.7E-12	-9.1E-12	-1.4E-12	3.0402E-9	3.0683E-9	3.0537E-9	3.0647E-9	3.0652E-9	3.0343E-9	3.0667E-9	3.0476E-9	3.0507E-9	3.0581E-9	0	0	0	0	0	0	0	0	0	0	0	0	0	0	0	0	0	0	0	0	0	0	0	0	0	0	0	0	0	0	0	0	14:49:57..178710
-0.0061	1	1	1	4.6632226E-9	-3.52E-11	3.66662E-8	0	4.6632226E-9	-3.52E-11	3.66662E-8	4.624749E-10	4.625578E-10	4.648635E-10	4.653609E-10	4.673902E-10	4.681537E-10	4.669509E-10	4.680807E-10	4.678138E-10	4.695762E-10	-4.3E-12	-2.9E-12	-4.2E-12	-4.1E-12	-2.9E-12	-3.4E-12	-2.8E-12	-5.1E-12	-1.7E-12	-3.8E-12	3.6481E-9	3.658E-9	3.6622E-9	3.671E-9	3.6852E-9	3.683E-9	3.6568E-9	3.6602E-9	3.6612E-9	3.6805E-9	0	0	0	0	0	0	0	0	0	0	0	0	0	0	0	0	0	0	0	0	0	0	0	0	0	0	0	0	0	0	0	0	14:49:58..980468
0.0005	1	1	1	4.7729989E-9	4.2E-12	3.91079E-8	0	4.7729989E-9	4.2E-12	3.91079E-8	4.757724E-10	4.795656E-10	4.751417E-10	4.747134E-10	4.763787E-10	4.769364E-10	4.778618E-10	4.787731E-10	4.788501E-10	4.790057E-10	2E-13	3.6E-12	2.3E-12	-2.5E-12	3E-13	2E-13	-6E-13	3E-13	-0	4E-13	3.8905E-9	3.9076E-9	3.9318E-9	3.8843E-9	3.9246E-9	3.9124E-9	3.9146E-9	3.92E-9	3.9075E-9	3.9146E-9	0	0	0	0	0	0	0	0	0	0	0	0	0	0	0	0	0	0	0	0	0	0	0	0	0	0	0	0	0	0	0	0	14:50:00..776367
0.0049	1	1	1	4.842255E-9	9.4E-12	3.73279E-8	0	4.842255E-9	9.4E-12	3.73279E-8	4.818853E-10	4.842602E-10	4.826552E-10	4.850805E-10	4.834718E-10	4.842538E-10	4.856871E-10	4.840945E-10	4.860709E-10	4.847957E-10	-2.1E-12	8E-13	7E-13	6E-13	2E-12	-6E-13	1.8E-12	2.8E-12	2.4E-12	1E-12	3.7203E-9	3.7247E-9	3.7321E-9	3.7279E-9	3.7551E-9	3.7297E-9	3.7233E-9	3.7302E-9	3.7344E-9	3.7502E-9	0	0	0	0	0	0	0	0	0	0	0	0	0	0	0	0	0	0	0	0	0	0	0	0	0	0	0	0	0	0	0	0	14:50:02..579101
0.0088	1	1	1	4.8823629E-9	-1.93E-11	3.19844E-8	0	4.8823629E-9	-1.93E-11	3.19844E-8	4.907429E-10	4.867763E-10	4.870407E-10	4.868794E-10	4.877014E-10	4.888479E-10	4.896903E-10	4.898924E-10	4.868448E-10	4.879468E-10	1.6E-12	3.5E-12	3.1E-12	1.8E-12	5.4E-12	3.2E-12	2.5E-12	-1.2E-11	-1.44E-11	-1.4E-11	3.2026E-9	3.1916E-9	3.1997E-9	3.2015E-9	3.1906E-9	3.1966E-9	3.2109E-9	3.1978E-9	3.1911E-9	3.202E-9	0	0	0	0	0	0	0	0	0	0	0	0	0	0	0	0	0	0	0	0	0	0	0	0	0	0	0	0	0	0	0	0	14:50:04..378906
0.0145	1	1	1	4.9211934E-9	-1.09E-10	2.48058E-8	0	4.9211934E-9	-1.09E-10	2.48058E-8	4.932671E-10	4.904827E-10	4.917211E-10	4.909594E-10	4.921316E-10	4.914622E-10	4.93914E-10	4.922528E-10	4.92348E-10	4.926545E-10	-1.14E-11	-1.29E-11	-1.07E-11	-1.14E-11	-8.8E-12	-1.12E-11	-9.6E-12	-1.16E-11	-1.09E-11	-1.05E-11	2.5019E-9	2.4957E-9	2.4818E-9	2.4864E-9	2.4621E-9	2.4787E-9	2.471E-9	2.4778E-9	2.4674E-9	2.483E-9	0	0	0	0	0	0	0	0	0	0	0	0	0	0	0	0	0	0	0	0	0	0	0	0	0	0	0	0	0	0	0	0	14:50:06..174804
0.0199	1	1	1	4.9227984E-9	-1.038E-10	1.79751E-8	0	4.9227984E-9	-1.038E-10	1.79751E-8	4.941586E-10	4.928448E-10	4.935364E-10	4.927037E-10	4.915775E-10	4.911875E-10	4.92131E-10	4.918408E-10	4.914488E-10	4.913693E-10	-1.11E-11	-1E-11	-8.8E-12	-1.04E-11	-1.21E-11	-8.8E-12	-9.7E-12	-1.05E-11	-1.04E-11	-1.2E-11	1.8131E-9	1.8109E-9	1.7971E-9	1.8037E-9	1.7979E-9	1.7985E-9	1.7863E-9	1.7821E-9	1.7985E-9	1.787E-9	0	0	0	0	0	0	0	0	0	0	0	0	0	0	0	0	0	0	0	0	0	0	0	0	0	0	0	0	0	0	0	0	14:50:07..981445
0.0237	1	1	1	4.8617779E-9	-1.191E-10	1.27892E-8	0	4.8617779E-9	-1.191E-10	1.27892E-8	4.869885E-10	4.867199E-10	4.86677E-10	4.87255E-10	4.88672E-10	4.849815E-10	4.848182E-10	4.871722E-10	4.849852E-10	4.835084E-10	-1.11E-11	-1.28E-11	-1.1E-11	-1.04E-11	-1.04E-11	-1.41E-11	-1.28E-11	-1.11E-11	-1.29E-11	-1.25E-11	1.2764E-9	1.2908E-9	1.2897E-9	1.2852E-9	1.2776E-9	1.2724E-9	1.2744E-9	1.2798E-9	1.2761E-9	1.2668E-9	0	0	0	0	0	0	0	0	0	0	0	0	0	0	0	0	0	0	0	0	0	0	0	0	0	0	0	0	0	0	0	0	14:50:09..781250
0.0296	1	1	1	4.8312741E-9	-1.348E-10	9.1262E-9	0	4.8312741E-9	-1.348E-10	9.1262E-9	4.837731E-10	4.820816E-10	4.838214E-10	4.825562E-10	4.820453E-10	4.839434E-10	4.825059E-10	4.846806E-10	4.82544E-10	4.833226E-10	-1.39E-11	-1.3E-11	-1.44E-11	-1.45E-11	-1.2E-11	-1.65E-11	-1.35E-11	-1.25E-11	-1.14E-11	-1.31E-11	9.122E-10	9.129E-10	9.092E-10	9.159E-10	9.081E-10	9.211E-10	9.132E-10	9.161E-10	9.026E-10	9.149E-10	0	0	0	0	0	0	0	0	0	0	0	0	0	0	0	0	0	0	0	0	0	0	0	0	0	0	0	0	0	0	0	0	14:50:11..583007
0.0349	1	1	1	4.8479082E-9	-1.206E-10	6.6448E-9	0	4.8479082E-9	-1.206E-10	6.6448E-9	4.827281E-10	4.830213E-10	4.854364E-10	4.835708E-10	4.860868E-10	4.876353E-10	4.864441E-10	4.84786E-10	4.831913E-10	4.850081E-10	-1.1E-11	-1.29E-11	-1.34E-11	-1.11E-11	-1.25E-11	-1.25E-11	-1.09E-11	-1.38E-11	-1.1E-11	-1.15E-11	6.66E-10	6.666E-10	6.624E-10	6.615E-10	6.655E-10	6.546E-10	6.706E-10	6.604E-10	6.639E-10	6.733E-10	0	0	0	0	0	0	0	0	0	0	0	0	0	0	0	0	0	0	0	0	0	0	0	0	0	0	0	0	0	0	0	0	14:50:13..383789
0.0386	1	1	1	4.816411E-9	-1.303E-10	4.9118E-9	0	4.816411E-9	-1.303E-10	4.9118E-9	4.844585E-10	4.82993E-10	4.815945E-10	4.837346E-10	4.826837E-10	4.808003E-10	4.79796E-10	4.807075E-10	4.797376E-10	4.799053E-10	-1.35E-11	-1.27E-11	-1.16E-11	-1.51E-11	-1.32E-11	-1.29E-11	-1.18E-11	-1.44E-11	-1.13E-11	-1.38E-11	4.951E-10	4.927E-10	4.88E-10	4.965E-10	4.93E-10	4.85E-10	4.858E-10	4.907E-10	4.961E-10	4.889E-10	0	0	0	0	0	0	0	0	0	0	0	0	0	0	0	0	0	0	0	0	0	0	0	0	0	0	0	0	0	0	0	0	14:50:15..182617
0.0445	1	1	1	4.7453814E-9	-1.37E-10	3.7368E-9	0	4.7453814E-9	-1.37E-10	3.7368E-9	4.756224E-10	4.763545E-10	4.749943E-10	4.752953E-10	4.764167E-10	4.750103E-10	4.752129E-10	4.726985E-10	4.718462E-10	4.719303E-10	-1.33E-11	-1.51E-11	-1.3E-11	-1.34E-11	-1.46E-11	-1.04E-11	-1.5E-11	-1.39E-11	-1.41E-11	-1.42E-11	3.768E-10	3.753E-10	3.75E-10	3.769E-10	3.689E-10	3.713E-10	3.737E-10	3.694E-10	3.762E-10	3.733E-10	0	0	0	0	0	0	0	0	0	0	0	0	0	0	0	0	0	0	0	0	0	0	0	0	0	0	0	0	0	0	0	0	14:50:16..980468
0.0499	1	1	1	4.7333301E-9	-1.401E-10	2.9107E-9	0	4.7333301E-9	-1.401E-10	2.9107E-9	4.718418E-10	4.762997E-10	4.729511E-10	4.7284E-10	4.71815E-10	4.724136E-10	4.754669E-10	4.733228E-10	4.718576E-10	4.745216E-10	-1.21E-11	-1.52E-11	-1.55E-11	-1.39E-11	-1.34E-11	-1.31E-11	-1.37E-11	-1.47E-11	-1.3E-11	-1.55E-11	2.937E-10	2.891E-10	2.916E-10	2.909E-10	2.894E-10	2.938E-10	2.934E-10	2.885E-10	2.882E-10	2.921E-10	0	0	0	0	0	0	0	0	0	0	0	0	0	0	0	0	0	0	0	0	0	0	0	0	0	0	0	0	0	0	0	0	14:50:18..780273
0.0538	1	1	1	4.7691323E-9	-1.159E-10	2.3533E-9	0	4.7691323E-9	-1.159E-10	2.3533E-9	4.774277E-10	4.767641E-10	4.748248E-10	4.758728E-10	4.763865E-10	4.778439E-10	4.78765E-10	4.761885E-10	4.776132E-10	4.774458E-10	-1.29E-11	-1.2E-11	-1.08E-11	-1.21E-11	-1.1E-11	-1.11E-11	-1.24E-11	-1.17E-11	-1.03E-11	-1.16E-11	2.384E-10	2.342E-10	2.372E-10	2.335E-10	2.335E-10	2.348E-10	2.332E-10	2.363E-10	2.349E-10	2.373E-10	0	0	0	0	0	0	0	0	0	0	0	0	0	0	0	0	0	0	0	0	0	0	0	0	0	0	0	0	0	0	0	0	14:50:20..578125
0.0595	1	1	1	4.8166538E-9	-9.8E-11	1.9739E-9	0	4.8166538E-9	-9.8E-11	1.9739E-9	4.798749E-10	4.793377E-10	4.815764E-10	4.797983E-10	4.808546E-10	4.829486E-10	4.818855E-10	4.845555E-10	4.820918E-10	4.837305E-10	-9.6E-12	-9.8E-12	-9.7E-12	-1.29E-11	-8.5E-12	-1.19E-11	-1.09E-11	-7.5E-12	-8.9E-12	-8.3E-12	1.96E-10	1.981E-10	1.964E-10	1.959E-10	1.984E-10	1.951E-10	1.985E-10	1.983E-10	1.996E-10	1.976E-10	0	0	0	0	0	0	0	0	0	0	0	0	0	0	0	0	0	0	0	0	0	0	0	0	0	0	0	0	0	0	0	0	14:50:22..377929
0.0649	1	1	1	4.8774337E-9	-7.02E-11	1.7083E-9	0	4.8774337E-9	-7.02E-11	1.7083E-9	4.871279E-10	4.87023E-10	4.861029E-10	4.880898E-10	4.877526E-10	4.870568E-10	4.876288E-10	4.889204E-10	4.89086E-10	4.886455E-10	-8.2E-12	-8.5E-12	-5.4E-12	-8.8E-12	-5.3E-12	-5.5E-12	-9.1E-12	-6.1E-12	-7E-12	-6.3E-12	1.695E-10	1.72E-10	1.721E-10	1.774E-10	1.704E-10	1.68E-10	1.656E-10	1.735E-10	1.703E-10	1.695E-10	0	0	0	0	0	0	0	0	0	0	0	0	0	0	0	0	0	0	0	0	0	0	0	0	0	0	0	0	0	0	0	0	14:50:24..182617
0.0687	1	1	1	4.9489359E-9	-4.36E-11	1.5199E-9	0	4.9489359E-9	-4.36E-11	1.5199E-9	4.944033E-10	4.933482E-10	4.961066E-10	4.935904E-10	4.946943E-10	4.939909E-10	4.963759E-10	4.948172E-10	4.957754E-10	4.958337E-10	-6E-12	-5.6E-12	-4.5E-12	-4.2E-12	-2.7E-12	-4.2E-12	-3.7E-12	-4E-12	-3.9E-12	-4.8E-12	1.53E-10	1.523E-10	1.53E-10	1.456E-10	1.561E-10	1.526E-10	1.522E-10	1.526E-10	1.538E-10	1.487E-10	0	0	0	0	0	0	0	0	0	0	0	0	0	0	0	0	0	0	0	0	0	0	0	0	0	0	0	0	0	0	0	0	14:50:25..982421
0.0745	1	1	1	4.9732242E-9	-3.39E-11	1.4248E-9	0	4.9732242E-9	-3.39E-11	1.4248E-9	4.976245E-10	4.968038E-10	4.993422E-10	4.978019E-10	4.957025E-10	4.97744E-10	4.966384E-10	4.991256E-10	4.957912E-10	4.966501E-10	-1.2E-12	-5E-12	-4.4E-12	-3.4E-12	-2.5E-12	-5.2E-12	-2.4E-12	-1.7E-12	-4.6E-12	-3.5E-12	1.447E-10	1.428E-10	1.398E-10	1.467E-10	1.429E-10	1.428E-10	1.403E-10	1.428E-10	1.412E-10	1.408E-10	0	0	0	0	0	0	0	0	0	0	0	0	0	0	0	0	0	0	0	0	0	0	0	0	0	0	0	0	0	0	0	0	14:50:27..780273
0.0797	1	1	1	4.926847E-9	-5.01E-11	1.3837E-9	0	4.926847E-9	-5.01E-11	1.3837E-9	4.952539E-10	4.931883E-10	4.930677E-10	4.92671E-10	4.947039E-10	4.935402E-10	4.91228E-10	4.921194E-10	4.905938E-10	4.904808E-10	-4.7E-12	-6.2E-12	-5.3E-12	-4E-12	-3.4E-12	-7.9E-12	-5E-12	-5.5E-12	-4.1E-12	-4E-12	1.413E-10	1.382E-10	1.401E-10	1.366E-10	1.341E-10	1.384E-10	1.389E-10	1.357E-10	1.425E-10	1.379E-10	0	0	0	0	0	0	0	0	0	0	0	0	0	0	0	0	0	0	0	0	0	0	0	0	0	0	0	0	0	0	0	0	14:50:29..580078
0.085	1	1	1	4.8030491E-9	-7.02E-11	1.3791E-9	0	4.8030491E-9	-7.02E-11	1.3791E-9	4.864832E-10	4.838562E-10	4.830413E-10	4.812677E-10	4.814046E-10	4.797435E-10	4.78707E-10	4.772838E-10	4.761986E-10	4.750632E-10	-6.4E-12	-5.6E-12	-7.9E-12	-7.8E-12	-6.2E-12	-8E-12	-5.5E-12	-7.7E-12	-7.3E-12	-7.8E-12	1.381E-10	1.359E-10	1.398E-10	1.388E-10	1.363E-10	1.378E-10	1.384E-10	1.39E-10	1.359E-10	1.391E-10	0	0	0	0	0	0	0	0	0	0	0	0	0	0	0	0	0	0	0	0	0	0	0	0	0	0	0	0	0	0	0	0	14:50:31..378906
0.0892	1	1	1	4.5290878E-9	-1.343E-10	1.462E-9	0	4.5290878E-9	-1.343E-10	1.462E-9	4.609487E-10	4.607533E-10	4.587727E-10	4.566181E-10	4.563254E-10	4.530327E-10	4.493308E-10	4.465801E-10	4.446686E-10	4.420574E-10	-1.1E-11	-1.46E-11	-1.27E-11	-1.18E-11	-1.37E-11	-1.45E-11	-1.22E-11	-1.45E-11	-1.63E-11	-1.3E-11	1.43E-10	1.471E-10	1.463E-10	1.47E-10	1.432E-10	1.461E-10	1.476E-10	1.471E-10	1.483E-10	1.463E-10	0	0	0	0	0	0	0	0	0	0	0	0	0	0	0	0	0	0	0	0	0	0	0	0	0	0	0	0	0	0	0	0	14:50:33..185546
0.0945	1	1	1	4.0633332E-9	-2.015E-10	1.5877E-9	0	4.0633332E-9	-2.015E-10	1.5877E-9	4.222302E-10	4.189137E-10	4.140055E-10	4.126209E-10	4.076273E-10	4.046203E-10	4.0363E-10	3.97535E-10	3.936263E-10	3.88524E-10	-1.74E-11	-1.87E-11	-1.99E-11	-2.09E-11	-1.92E-11	-1.93E-11	-2.19E-11	-2.02E-11	-2.17E-11	-2.23E-11	1.589E-10	1.568E-10	1.608E-10	1.601E-10	1.576E-10	1.593E-10	1.586E-10	1.565E-10	1.595E-10	1.596E-10	0	0	0	0	0	0	0	0	0	0	0	0	0	0	0	0	0	0	0	0	0	0	0	0	0	0	0	0	0	0	0	0	14:50:34..983398
0.0999	1	1	1	3.3237971E-9	-2.819E-10	1.8149E-9	0	3.3237971E-9	-2.819E-10	1.8149E-9	3.544532E-10	3.502441E-10	3.428151E-10	3.404549E-10	3.337312E-10	3.320983E-10	3.257329E-10	3.193124E-10	3.152744E-10	3.096806E-10	-2.57E-11	-2.77E-11	-2.81E-11	-2.86E-11	-2.69E-11	-2.86E-11	-2.9E-11	-2.87E-11	-3.04E-11	-2.82E-11	1.804E-10	1.818E-10	1.799E-10	1.814E-10	1.801E-10	1.825E-10	1.82E-10	1.84E-10	1.817E-10	1.811E-10	0	0	0	0	0	0	0	0	0	0	0	0	0	0	0	0	0	0	0	0	0	0	0	0	0	0	0	0	0	0	0	0	14:50:36..783203
0.1038	1	1	1	2.2910481E-9	-3.246E-10	2.167E-9	0	2.2910481E-9	-3.246E-10	2.167E-9	2.568283E-10	2.501088E-10	2.495305E-10	2.433711E-10	2.313994E-10	2.31167E-10	2.171944E-10	2.110066E-10	2.041597E-10	1.962823E-10	-3.02E-11	-3.12E-11	-3.12E-11	-3.17E-11	-3.06E-11	-3.26E-11	-3.3E-11	-3.5E-11	-3.25E-11	-3.66E-11	2.162E-10	2.142E-10	2.191E-10	2.205E-10	2.145E-10	2.144E-10	2.152E-10	2.198E-10	2.174E-10	2.157E-10	0	0	0	0	0	0	0	0	0	0	0	0	0	0	0	0	0	0	0	0	0	0	0	0	0	0	0	0	0	0	0	0	14:50:38..580078
0.1095	1	1	1	9.1379327E-10	-4.003E-10	2.6739E-9	0	9.1379327E-10	-4.003E-10	2.6739E-9	1.341096E-10	1.186923E-10	1.113988E-10	1.026503E-10	9.849752E-11	8.697031E-11	8.015389E-11	6.91927E-11	6.092719E-11	5.120066E-11	-3.79E-11	-3.94E-11	-3.76E-11	-3.94E-11	-3.98E-11	-3.99E-11	-4.11E-11	-4.11E-11	-4.31E-11	-4.1E-11	2.651E-10	2.705E-10	2.672E-10	2.638E-10	2.682E-10	2.658E-10	2.684E-10	2.656E-10	2.709E-10	2.684E-10	0	0	0	0	0	0	0	0	0	0	0	0	0	0	0	0	0	0	0	0	0	0	0	0	0	0	0	0	0	0	0	0	14:50:40..386718
0.1148	1	1	1	-8.3253747E-10	-4.555E-10	3.5018E-9	0	-8.3253747E-10	-4.555E-10	3.5018E-9	-3.823315E-11	-4.869639E-11	-5.825204E-11	-7.033046E-11	-7.873991E-11	-8.93245E-11	-9.759042E-11	-1.074189E-10	-1.17098E-10	-1.268537E-10	-4.3E-11	-4.48E-11	-4.49E-11	-4.3E-11	-4.56E-11	-4.64E-11	-4.6E-11	-4.83E-11	-4.72E-11	-4.63E-11	3.483E-10	3.491E-10	3.56E-10	3.531E-10	3.502E-10	3.435E-10	3.493E-10	3.494E-10	3.547E-10	3.482E-10	0	0	0	0	0	0	0	0	0	0	0	0	0	0	0	0	0	0	0	0	0	0	0	0	0	0	0	0	0	0	0	0	14:50:42..185546
0.1183	1	1	1	-2.5131704E-9	-4.876E-10	4.7954E-9	0	-2.5131704E-9	-4.876E-10	4.7954E-9	-2.123832E-10	-2.218094E-10	-2.297519E-10	-2.398917E-10	-2.478061E-10	-2.538643E-10	-2.617362E-10	-2.693953E-10	-2.841203E-10	-2.92412E-10	-4.73E-11	-4.75E-11	-4.95E-11	-5.02E-11	-4.88E-11	-4.8E-11	-4.87E-11	-4.74E-11	-4.94E-11	-5.08E-11	4.774E-10	4.851E-10	4.846E-10	4.755E-10	4.811E-10	4.794E-10	4.785E-10	4.776E-10	4.763E-10	4.799E-10	0	0	0	0	0	0	0	0	0	0	0	0	0	0	0	0	0	0	0	0	0	0	0	0	0	0	0	0	0	0	0	0	14:50:43..983398
0.1243	1	1	1	-3.9457081E-9	-4.636E-10	6.7714E-9	0	-3.9457081E-9	-4.636E-10	6.7714E-9	-3.635422E-10	-3.69457E-10	-3.728493E-10	-3.863141E-10	-3.901227E-10	-4.014008E-10	-4.06103E-10	-4.109439E-10	-4.197918E-10	-4.251833E-10	-4.83E-11	-4.89E-11	-4.79E-11	-4.81E-11	-4.48E-11	-4.58E-11	-4.49E-11	-4.56E-11	-4.56E-11	-4.37E-11	6.763E-10	6.805E-10	6.745E-10	6.693E-10	6.787E-10	6.743E-10	6.768E-10	6.684E-10	6.825E-10	6.901E-10	0	0	0	0	0	0	0	0	0	0	0	0	0	0	0	0	0	0	0	0	0	0	0	0	0	0	0	0	0	0	0	0	14:50:45..786132
0.1297	1	1	1	-4.9179613E-9	-3.937E-10	9.4239E-9	0	-4.9179613E-9	-3.937E-10	9.4239E-9	-4.735534E-10	-4.777984E-10	-4.801553E-10	-4.851562E-10	-4.890198E-10	-4.946412E-10	-4.994238E-10	-5.022808E-10	-5.067385E-10	-5.091939E-10	-4.34E-11	-4.17E-11	-4.18E-11	-3.95E-11	-3.9E-11	-4.07E-11	-3.8E-11	-3.5E-11	-3.72E-11	-3.74E-11	9.322E-10	9.386E-10	9.468E-10	9.416E-10	9.403E-10	9.382E-10	9.483E-10	9.494E-10	9.461E-10	9.424E-10	0	0	0	0	0	0	0	0	0	0	0	0	0	0	0	0	0	0	0	0	0	0	0	0	0	0	0	0	0	0	0	0	14:50:47..579101
0.135	1	1	1	-5.3636987E-9	-2.551E-10	1.24153E-8	0	-5.3636987E-9	-2.551E-10	1.24153E-8	-5.323401E-10	-5.336523E-10	-5.361342E-10	-5.361822E-10	-5.369447E-10	-5.379064E-10	-5.376422E-10	-5.377496E-10	-5.382222E-10	-5.369248E-10	-2.89E-11	-2.77E-11	-2.64E-11	-2.62E-11	-2.54E-11	-2.47E-11	-2.52E-11	-2.56E-11	-2.32E-11	-2.18E-11	1.2402E-9	1.2442E-9	1.2475E-9	1.248E-9	1.2453E-9	1.2277E-9	1.236E-9	1.2448E-9	1.2448E-9	1.2368E-9	0	0	0	0	0	0	0	0	0	0	0	0	0	0	0	0	0	0	0	0	0	0	0	0	0	0	0	0	0	0	0	0	14:50:49..382812
0.1388	1	1	1	-5.1369342E-9	-8.46E-11	1.50001E-8	0	-5.1369342E-9	-8.46E-11	1.50001E-8	-5.253739E-10	-5.22289E-10	-5.185816E-10	-5.167343E-10	-5.147716E-10	-5.124909E-10	-5.104231E-10	-5.090848E-10	-5.05026E-10	-5.02159E-10	-1.15E-11	-1.12E-11	-1.24E-11	-9.1E-12	-7.5E-12	-9.7E-12	-8.3E-12	-6.2E-12	-5.1E-12	-3.6E-12	1.5174E-9	1.4942E-9	1.5036E-9	1.499E-9	1.4923E-9	1.5049E-9	1.5011E-9	1.4924E-9	1.504E-9	1.4912E-9	0	0	0	0	0	0	0	0	0	0	0	0	0	0	0	0	0	0	0	0	0	0	0	0	0	0	0	0	0	0	0	0	14:50:51..179687
0.1445	1	1	1	-4.585254E-9	7.49E-11	1.65608E-8	0	-4.585254E-9	7.49E-11	1.65608E-8	-4.749646E-10	-4.702159E-10	-4.67151E-10	-4.632233E-10	-4.597004E-10	-4.593321E-10	-4.560758E-10	-4.495624E-10	-4.447046E-10	-4.403239E-10	2.9E-12	6.2E-12	5.2E-12	6.4E-12	6.5E-12	7E-12	9.6E-12	7.3E-12	1.19E-11	1.19E-11	1.6671E-9	1.6483E-9	1.652E-9	1.6499E-9	1.6646E-9	1.6599E-9	1.6529E-9	1.646E-9	1.667E-9	1.6531E-9	0	0	0	0	0	0	0	0	0	0	0	0	0	0	0	0	0	0	0	0	0	0	0	0	0	0	0	0	0	0	0	0	14:50:52..981445
0.1498	1	1	1	-3.8469058E-9	1.711E-10	1.64313E-8	0	-3.8469058E-9	1.711E-10	1.64313E-8	-4.06509E-10	-4.013987E-10	-3.972303E-10	-3.909981E-10	-3.893747E-10	-3.819759E-10	-3.766175E-10	-3.748155E-10	-3.660248E-10	-3.619613E-10	1.47E-11	1.62E-11	1.45E-11	1.56E-11	1.65E-11	1.74E-11	1.96E-11	2.04E-11	1.64E-11	1.98E-11	1.6391E-9	1.6393E-9	1.6497E-9	1.6513E-9	1.6372E-9	1.638E-9	1.6438E-9	1.6433E-9	1.6382E-9	1.6514E-9	0	0	0	0	0	0	0	0	0	0	0	0	0	0	0	0	0	0	0	0	0	0	0	0	0	0	0	0	0	0	0	0	14:50:54..774414
0.1537	1	1	1	-2.92978E-9	2.743E-10	1.46395E-8	0	-2.92978E-9	2.743E-10	1.46395E-8	-3.159805E-10	-3.149435E-10	-3.048603E-10	-2.987858E-10	-2.954707E-10	-2.897153E-10	-2.879264E-10	-2.824012E-10	-2.725165E-10	-2.671798E-10	2.61E-11	2.7E-11	2.78E-11	2.57E-11	2.82E-11	2.7E-11	2.81E-11	2.69E-11	2.89E-11	2.86E-11	1.4656E-9	1.4595E-9	1.4638E-9	1.4581E-9	1.4791E-9	1.4665E-9	1.4647E-9	1.4727E-9	1.4517E-9	1.4578E-9	0	0	0	0	0	0	0	0	0	0	0	0	0	0	0	0	0	0	0	0	0	0	0	0	0	0	0	0	0	0	0	0	14:50:56..580078
0.1592	1	1	1	-1.9513136E-9	3.244E-10	1.1836E-8	0	-1.9513136E-9	3.244E-10	1.1836E-8	-2.167737E-10	-2.161593E-10	-2.076428E-10	-2.044424E-10	-2.029406E-10	-1.904314E-10	-1.855659E-10	-1.811387E-10	-1.764146E-10	-1.698042E-10	3.18E-11	3.25E-11	3.05E-11	3.23E-11	3.19E-11	3.15E-11	3.25E-11	3.42E-11	3.28E-11	3.44E-11	1.1842E-9	1.178E-9	1.178E-9	1.1848E-9	1.1867E-9	1.1885E-9	1.1849E-9	1.1821E-9	1.1795E-9	1.1893E-9	0	0	0	0	0	0	0	0	0	0	0	0	0	0	0	0	0	0	0	0	0	0	0	0	0	0	0	0	0	0	0	0	14:50:58..381835
0.1647	1	1	1	-1.10363574E-9	3.693E-10	8.8715E-9	0	-1.10363574E-9	3.693E-10	8.8715E-9	-1.273366E-10	-1.256103E-10	-1.225236E-10	-1.201746E-10	-1.114052E-10	-1.084254E-10	-1.058179E-10	-1.00097E-10	-9.283785E-11	-8.940729E-11	3.66E-11	3.71E-11	3.64E-11	3.64E-11	3.78E-11	3.66E-11	3.69E-11	3.73E-11	3.69E-11	3.73E-11	8.912E-10	8.886E-10	8.804E-10	8.857E-10	8.901E-10	8.92E-10	8.855E-10	8.857E-10	8.869E-10	8.854E-10	0	0	0	0	0	0	0	0	0	0	0	0	0	0	0	0	0	0	0	0	0	0	0	0	0	0	0	0	0	0	0	0	14:51:00..189453
0.1698	1	1	1	-3.5825923E-10	4.51E-10	6.3668E-9	0	-3.5825923E-10	4.51E-10	6.3668E-9	-5.369152E-11	-5.476086E-11	-5.254533E-11	-4.043453E-11	-3.85485E-11	-3.082636E-11	-2.688443E-11	-2.568972E-11	-1.912795E-11	-1.575003E-11	4.54E-11	4.65E-11	4.47E-11	4.39E-11	4.44E-11	4.26E-11	4.58E-11	4.52E-11	4.52E-11	4.73E-11	6.371E-10	6.375E-10	6.342E-10	6.415E-10	6.389E-10	6.339E-10	6.361E-10	6.289E-10	6.436E-10	6.351E-10	0	0	0	0	0	0	0	0	0	0	0	0	0	0	0	0	0	0	0	0	0	0	0	0	0	0	0	0	0	0	0	0	14:51:01..987304
0.1737	1	1	1	4.1859884E-10	4.716E-10	4.5475E-9	0	4.1859884E-10	4.716E-10	4.5475E-9	2.224333E-11	2.480178E-11	3.278833E-11	3.288331E-11	4.038687E-11	4.305441E-11	4.566948E-11	5.557179E-11	6.048461E-11	6.071493E-11	4.85E-11	4.71E-11	4.68E-11	4.87E-11	4.7E-11	4.65E-11	4.71E-11	4.75E-11	4.67E-11	4.57E-11	4.556E-10	4.66E-10	4.56E-10	4.53E-10	4.536E-10	4.497E-10	4.532E-10	4.548E-10	4.521E-10	4.535E-10	0	0	0	0	0	0	0	0	0	0	0	0	0	0	0	0	0	0	0	0	0	0	0	0	0	0	0	0	0	0	0	0	14:51:03..785156
0.1795	1	1	1	1.1863553E-9	4.796E-10	3.2819E-9	0	1.1863553E-9	4.796E-10	3.2819E-9	1.00292E-10	1.035698E-10	1.045156E-10	1.124172E-10	1.184698E-10	1.222126E-10	1.259894E-10	1.305669E-10	1.351421E-10	1.331799E-10	4.88E-11	4.85E-11	4.72E-11	4.75E-11	4.83E-11	4.64E-11	4.73E-11	4.92E-11	4.85E-11	4.79E-11	3.282E-10	3.269E-10	3.344E-10	3.31E-10	3.245E-10	3.249E-10	3.261E-10	3.249E-10	3.302E-10	3.308E-10	0	0	0	0	0	0	0	0	0	0	0	0	0	0	0	0	0	0	0	0	0	0	0	0	0	0	0	0	0	0	0	0	14:51:05..576171
0.1848	1	1	1	1.9101369E-9	4.91E-10	2.4132E-9	0	1.9101369E-9	4.91E-10	2.4132E-9	1.737149E-10	1.761321E-10	1.77781E-10	1.853712E-10	1.909915E-10	1.945886E-10	1.959103E-10	2.024781E-10	2.042889E-10	2.088803E-10	4.94E-11	5.05E-11	4.99E-11	4.98E-11	4.51E-11	5.01E-11	4.85E-11	5.04E-11	4.73E-11	5E-11	2.414E-10	2.423E-10	2.398E-10	2.444E-10	2.412E-10	2.437E-10	2.373E-10	2.376E-10	2.448E-10	2.407E-10	0	0	0	0	0	0	0	0	0	0	0	0	0	0	0	0	0	0	0	0	0	0	0	0	0	0	0	0	0	0	0	0	14:51:07..381835
0.1898	1	1	1	2.470687E-9	4.892E-10	1.8305E-9	0	2.470687E-9	4.892E-10	1.8305E-9	2.327652E-10	2.375367E-10	2.424129E-10	2.426596E-10	2.452703E-10	2.423464E-10	2.52857E-10	2.55264E-10	2.584204E-10	2.611545E-10	4.98E-11	4.82E-11	4.98E-11	4.85E-11	4.93E-11	4.88E-11	4.79E-11	4.84E-11	4.96E-11	4.89E-11	1.824E-10	1.798E-10	1.81E-10	1.813E-10	1.835E-10	1.853E-10	1.817E-10	1.836E-10	1.881E-10	1.838E-10	0	0	0	0	0	0	0	0	0	0	0	0	0	0	0	0	0	0	0	0	0	0	0	0	0	0	0	0	0	0	0	0	14:51:09..181640
0.1938	1	1	1	2.9353955E-9	4.721E-10	1.4243E-9	0	2.9353955E-9	4.721E-10	1.4243E-9	2.841221E-10	2.870099E-10	2.859733E-10	2.917917E-10	2.891218E-10	2.948311E-10	2.979996E-10	2.993799E-10	3.014657E-10	3.037004E-10	4.47E-11	4.81E-11	4.89E-11	4.85E-11	4.75E-11	4.77E-11	4.66E-11	4.84E-11	4.54E-11	4.63E-11	1.444E-10	1.398E-10	1.45E-10	1.422E-10	1.426E-10	1.405E-10	1.428E-10	1.434E-10	1.406E-10	1.43E-10	0	0	0	0	0	0	0	0	0	0	0	0	0	0	0	0	0	0	0	0	0	0	0	0	0	0	0	0	0	0	0	0	14:51:10..981445
0.1995	1	1	1	3.2260997E-9	4.753E-10	1.1286E-9	0	3.2260997E-9	4.753E-10	1.1286E-9	3.182692E-10	3.159997E-10	3.200193E-10	3.218424E-10	3.197366E-10	3.24528E-10	3.22972E-10	3.2317E-10	3.285716E-10	3.309909E-10	4.84E-11	4.78E-11	4.63E-11	4.77E-11	4.75E-11	4.79E-11	4.91E-11	4.72E-11	4.61E-11	4.73E-11	1.162E-10	1.124E-10	1.137E-10	1.131E-10	1.117E-10	1.122E-10	1.11E-10	1.125E-10	1.137E-10	1.121E-10	0	0	0	0	0	0	0	0	0	0	0	0	0	0	0	0	0	0	0	0	0	0	0	0	0	0	0	0	0	0	0	0	14:51:12..781250
0.2047	1	1	1	3.4927149E-9	4.484E-10	9.139E-10	0	3.4927149E-9	4.484E-10	9.139E-10	3.442579E-10	3.462913E-10	3.461457E-10	3.478128E-10	3.47348E-10	3.500114E-10	3.486516E-10	3.523052E-10	3.540313E-10	3.558597E-10	4.35E-11	4.46E-11	4.54E-11	4.39E-11	4.46E-11	4.5E-11	4.41E-11	4.52E-11	4.75E-11	4.46E-11	9.18E-11	9.11E-11	8.94E-11	9.2E-11	9.46E-11	9.05E-11	9.38E-11	8.96E-11	8.82E-11	9.29E-11	0	0	0	0	0	0	0	0	0	0	0	0	0	0	0	0	0	0	0	0	0	0	0	0	0	0	0	0	0	0	0	0	14:51:14..579101
0.21	1	1	1	3.5651707E-9	4.644E-10	7.723E-10	0	3.5651707E-9	4.644E-10	7.723E-10	3.579476E-10	3.549162E-10	3.564379E-10	3.579574E-10	3.577227E-10	3.549626E-10	3.586246E-10	3.520424E-10	3.571777E-10	3.573816E-10	4.52E-11	4.48E-11	4.67E-11	4.62E-11	4.65E-11	4.66E-11	4.59E-11	4.85E-11	4.69E-11	4.71E-11	7.58E-11	7.76E-11	7.88E-11	7.99E-11	7.71E-11	7.52E-11	7.76E-11	7.83E-11	7.64E-11	7.56E-11	0	0	0	0	0	0	0	0	0	0	0	0	0	0	0	0	0	0	0	0	0	0	0	0	0	0	0	0	0	0	0	0	14:51:16..384765
0.2137	1	1	1	3.4624977E-9	4.688E-10	6.56E-10	0	3.4624977E-9	4.688E-10	6.56E-10	3.486149E-10	3.488453E-10	3.481603E-10	3.492135E-10	3.442075E-10	3.46887E-10	3.470246E-10	3.427203E-10	3.441809E-10	3.426434E-10	4.71E-11	4.6E-11	4.67E-11	4.69E-11	4.6E-11	4.66E-11	4.79E-11	4.74E-11	4.7E-11	4.72E-11	6.57E-11	6.8E-11	6.41E-11	6.33E-11	6.73E-11	6.95E-11	6.66E-11	6.1E-11	6.49E-11	6.56E-11	0	0	0	0	0	0	0	0	0	0	0	0	0	0	0	0	0	0	0	0	0	0	0	0	0	0	0	0	0	0	0	0	14:51:18..188476
0.2192	1	1	1	3.3080934E-9	4.76E-10	5.753E-10	0	3.3080934E-9	4.76E-10	5.753E-10	3.345092E-10	3.357782E-10	3.272058E-10	3.311645E-10	3.300005E-10	3.31569E-10	3.312899E-10	3.312111E-10	3.297096E-10	3.256556E-10	4.82E-11	4.71E-11	4.73E-11	4.69E-11	4.8E-11	4.7E-11	4.76E-11	4.95E-11	4.68E-11	4.76E-11	5.69E-11	5.87E-11	5.71E-11	5.95E-11	5.91E-11	5.75E-11	5.71E-11	5.74E-11	5.59E-11	5.61E-11	0	0	0	0	0	0	0	0	0	0	0	0	0	0	0	0	0	0	0	0	0	0	0	0	0	0	0	0	0	0	0	0	14:51:19..984375
0.2247	1	1	1	3.2258442E-9	4.579E-10	4.98E-10	0	3.2258442E-9	4.579E-10	4.98E-10	3.208922E-10	3.236044E-10	3.248996E-10	3.243196E-10	3.183079E-10	3.234487E-10	3.244999E-10	3.19805E-10	3.228203E-10	3.232466E-10	4.51E-11	4.44E-11	4.7E-11	4.48E-11	4.6E-11	4.61E-11	4.75E-11	4.59E-11	4.52E-11	4.59E-11	4.9E-11	4.9E-11	4.86E-11	4.88E-11	4.92E-11	5.22E-11	5.2E-11	4.98E-11	5.02E-11	4.92E-11	0	0	0	0	0	0	0	0	0	0	0	0	0	0	0	0	0	0	0	0	0	0	0	0	0	0	0	0	0	0	0	0	14:51:21..788085
0.2299	1	1	1	3.1995208E-9	4.744E-10	4.428E-10	0	3.1995208E-9	4.744E-10	4.428E-10	3.15988E-10	3.211247E-10	3.227557E-10	3.211833E-10	3.189359E-10	3.180228E-10	3.187341E-10	3.220585E-10	3.213775E-10	3.193403E-10	4.73E-11	4.69E-11	4.68E-11	4.7E-11	4.81E-11	4.89E-11	4.55E-11	4.87E-11	4.92E-11	4.6E-11	4.28E-11	4.47E-11	4.61E-11	4.34E-11	4.25E-11	4.36E-11	4.64E-11	4.56E-11	4.47E-11	4.3E-11	0	0	0	0	0	0	0	0	0	0	0	0	0	0	0	0	0	0	0	0	0	0	0	0	0	0	0	0	0	0	0	0	14:51:23..689453
0.2338	1	1	1	3.0456456E-9	4.916E-10	3.95E-10	0	3.0456456E-9	4.916E-10	3.95E-10	3.099715E-10	3.091187E-10	3.09828E-10	3.099551E-10	3.042625E-10	3.056669E-10	2.998368E-10	2.985151E-10	3.023021E-10	2.961889E-10	5.18E-11	4.87E-11	4.75E-11	4.75E-11	4.91E-11	4.99E-11	4.79E-11	4.98E-11	4.91E-11	5.03E-11	3.99E-11	3.97E-11	3.99E-11	3.78E-11	3.89E-11	3.96E-11	3.96E-11	3.97E-11	4.06E-11	3.93E-11	0	0	0	0	0	0	0	0	0	0	0	0	0	0	0	0	0	0	0	0	0	0	0	0	0	0	0	0	0	0	0	0	14:51:25..483398
0.2395	1	1	1	2.7726657E-9	4.927E-10	3.624E-10	0	2.7726657E-9	4.927E-10	3.624E-10	2.7967E-10	2.779932E-10	2.811233E-10	2.81855E-10	2.772918E-10	2.785178E-10	2.719887E-10	2.734701E-10	2.760709E-10	2.746849E-10	4.94E-11	4.91E-11	4.92E-11	5.03E-11	5.06E-11	4.86E-11	5.02E-11	4.8E-11	5.05E-11	4.68E-11	3.57E-11	3.6E-11	3.65E-11	3.53E-11	3.56E-11	3.63E-11	3.92E-11	3.63E-11	3.71E-11	3.44E-11	0	0	0	0	0	0	0	0	0	0	0	0	0	0	0	0	0	0	0	0	0	0	0	0	0	0	0	0	0	0	0	0	14:51:27..279296
0.2448	1	1	1	2.620044E-9	4.852E-10	3.348E-10	0	2.620044E-9	4.852E-10	3.348E-10	2.661446E-10	2.617065E-10	2.578203E-10	2.653603E-10	2.64186E-10	2.548457E-10	2.633798E-10	2.62905E-10	2.620884E-10	2.616074E-10	4.99E-11	4.92E-11	4.68E-11	4.83E-11	4.86E-11	5.13E-11	4.67E-11	4.87E-11	4.8E-11	4.77E-11	3.4E-11	3.5E-11	3.54E-11	3.35E-11	3.27E-11	3.35E-11	3E-11	3.32E-11	3.36E-11	3.39E-11	0	0	0	0	0	0	0	0	0	0	0	0	0	0	0	0	0	0	0	0	0	0	0	0	0	0	0	0	0	0	0	0	14:51:29..075195
0.2487	1	1	1	2.5810104E-9	4.86E-10	3.09E-10	0	2.5810104E-9	4.86E-10	3.09E-10	2.588268E-10	2.592896E-10	2.590674E-10	2.58661E-10	2.551264E-10	2.590126E-10	2.590754E-10	2.577253E-10	2.582346E-10	2.559913E-10	4.77E-11	4.95E-11	4.67E-11	4.86E-11	4.84E-11	5.01E-11	5.06E-11	4.88E-11	4.8E-11	4.76E-11	3.11E-11	3.04E-11	3E-11	3.14E-11	2.96E-11	3.21E-11	3.05E-11	3.01E-11	3.18E-11	3.2E-11	0	0	0	0	0	0	0	0	0	0	0	0	0	0	0	0	0	0	0	0	0	0	0	0	0	0	0	0	0	0	0	0	14:51:30..878906
-1.000000e+00
-1.000000e+00
-1.000000e+00
-1.000000e+00
-1.000000e+00
-1.000000e+00
-1.000000e+00
-1.000000e+00
-1.000000e+00
-1.000000e+00
-1.000000e+00
-1.000000e+00
-1.000000e+00
-1.000000e+00
-1.000000e+00
-1.000000e+00
-1.000000e+00
-1.000000e+00
-1.000000e+00
-1.000000e+00
-1.000000e+00
-1.000000e+00
-1.000000e+00
-1.000000e+00
-1.000000e+00
-1.000000e+00
-1.000000e+00
-1.000000e+00
-1.000000e+00
-1.000000e+00
-1.000000e+00
-1.000000e+00
